1730795490.895406 -0.7220288179057279 0.13565564814207737 -0.345357076876149
1730795490.947349 -0.724840486830438 0.13577472764442597 -0.370855146069686
1730795490.999126 -0.7346298970135795 0.13583838014884514 -0.3727996043321282
1730795491.0514708 -0.737455328606709 0.13556161020534213 -0.3600293712351257
1730795491.1035984 -0.7140406056462623 0.1361654369313185 -0.36418010719366745
1730795491.1559317 -0.7152952660352242 0.13582379016941468 -0.3550962062998459
1730795491.2084718 -0.7148127903435602 0.1345824507129795 -0.35119614249336645
1730795491.261419 -0.7196390280904872 0.1349853726221139 -0.3532913929825634
1730795491.312917 -0.7252614674133322 0.13535994619094766 -0.36773475982304726
1730795491.3653445 -0.7242816924213253 0.13490343033327817 -0.36109971071498814
1730795491.4182842 -0.7280955858640876 0.133621605523929 -0.3593082315016713
1730795491.470745 -0.7384003448925421 0.1348163840814263 -0.3793562445910153
1730795491.5214462 -0.7325477901502678 0.1357671889436075 -0.35729659857684765
1730795491.5737627 -0.7344546600963718 0.13680303410927855 -0.3513387392101564
1730795491.6257977 -0.7368638503344547 0.13708201011259252 -0.3488305027053072
1730795491.678006 -0.7340454416082384 0.13828034178395035 -0.3585255823907918
1730795491.7299008 -0.7453136381594054 0.13789296403816084 -0.3506672837733652
1730795491.782337 -0.7430850044796153 0.13736827558013612 -0.3532033597423762
1730795491.8345683 -0.7498713308096557 0.1373155310278175 -0.34898868176181763
1730795491.8866768 -0.7518274547801589 0.1378230035532642 -0.3560151966931553
1730795491.9387016 -0.739099937667427 0.13826272115858596 -0.3490049591720239
1730795491.9907649 -0.7515415820598631 0.1377655199384747 -0.3595802193098543
1730795492.0428624 -0.7513123590357548 0.13777683960124062 -0.3544017858370491
1730795492.09549 -0.7618849631145459 0.13806784523780807 -0.34961622611549675
1730795492.1475964 -0.7751837379394536 0.13876219908320833 -0.3421112104115379
1730795492.1999605 -0.7683231826083784 0.1385793895740238 -0.37651573779118913
1730795492.2518597 -0.7710217674414407 0.13925988206172918 -0.3375571695469375
1730795492.3037026 -0.7786724152246693 0.14119009093545676 -0.3327101784997333
1730795492.3558564 -0.8046171388646584 0.14285305517930222 -0.35279386847228567
1730795492.4078565 -0.7748229109125939 0.14388330840646582 -0.343458479558408
1730795492.4601977 -0.7947728507625786 0.1427461513752577 -0.3337625873909719
1730795492.512759 -0.788355219405704 0.14269444570186648 -0.3590752208555104
1730795492.5649693 -0.7770633210795608 0.14136251030129765 -0.35233574261383416
1730795492.6170554 -0.7769875797184996 0.14198191456193915 -0.331404360360134
1730795492.6695282 -0.779479960387504 0.14267570001744748 -0.3406820872987129
1730795492.7213051 -0.7830911632061285 0.14143537688663416 -0.3420291100813094
1730795492.7732375 -0.7785876473053372 0.14337041039144297 -0.334304126800079
1730795492.8252225 -0.7768008723298022 0.1434552627264537 -0.362357402126156
1730795492.877164 -0.7876147763299616 0.1440249808027857 -0.3573213760924182
1730795492.9293752 -0.7697517140475408 0.14492858910933723 -0.34414872539729346
1730795492.9816775 -0.780743574126865 0.14731093103021992 -0.34803034452729653
1730795493.033941 -0.7863910471071688 0.14707238646446225 -0.3412110712596236
1730795493.087518 -0.7805984079338268 0.14730329221543448 -0.3528885688415121
1730795493.1402342 -0.7779855522774226 0.14764938787530005 -0.35939886047013936
1730795493.1928537 -0.7561430872161106 0.14718430451333991 -0.34354249671069337
1730795493.2453413 -0.7604514728581935 0.14775502087556133 -0.366068803054878
1730795493.2980564 -0.7791746868728776 0.14757998154070023 -0.35484617231200183
1730795493.352111 -0.7764887050241747 0.14781636662381115 -0.3367383705083941
1730795493.404524 -0.776319675800991 0.1484400265723652 -0.3389284572569251
1730795493.457528 -0.7606904764077794 0.14814165753633055 -0.34439781356852117
1730795493.5099158 -0.7830368097967321 0.14705642783863276 -0.3467175668528859
1730795493.5629566 -0.7792139594240809 0.1498437704165784 -0.3634109958812056
1730795493.6154149 -0.7695371582235031 0.14990340735517363 -0.3627399331253674
1730795493.6679714 -0.7839324853517555 0.14932777392098287 -0.3492463806233347
1730795493.7200947 -0.7999641524010638 0.15159882810619205 -0.32389277008420037
1730795493.7724519 -0.79933153741315 0.15063034759673308 -0.35959742256404037
1730795493.8249438 -0.7849486194291213 0.1508663494920481 -0.34979612954691014
1730795493.8781831 -0.7826889123296848 0.15103300946581796 -0.3491711963984769
1730795493.9303098 -0.7836796278743415 0.1521591377267675 -0.33002419758302354
1730795493.9824758 -0.7843069501082393 0.15102515574671344 -0.3295507257014821
1730795494.0356398 -0.7805757668432828 0.15252421741683314 -0.3651417807214071
1730795494.0884132 -0.7629595578689055 0.15504316256920814 -0.339479888483763
1730795494.140088 -0.7812638154236325 0.15678495247966778 -0.3410227269437863
1730795494.1921682 -0.7601933306309706 0.1562235327676316 -0.32434538483482755
1730795494.2487185 -0.7949792527836737 0.15684670654612376 -0.34078580939001224
1730795494.2992697 -0.7729166841307034 0.15824672679445165 -0.33796401342434834
1730795494.3522744 -0.7803972320719219 0.15889766685159382 -0.3632791783376822
1730795494.40571 -0.7760010153571811 0.15863884864044372 -0.35517951680451165
1730795494.459054 -0.7741515705317917 0.1580321170516236 -0.35265083238861916
1730795494.5115469 -0.7847618098077381 0.15733734635590893 -0.3433207331723117
1730795494.5640285 -0.7642089390897946 0.1570501515727865 -0.35014884393083473
1730795494.6165109 -0.7909166990565106 0.15486416943167883 -0.3492804855534378
1730795494.6690934 -0.8112669772975086 0.15537425600026372 -0.3347541350805439
1730795494.7230804 -0.7788552426403991 0.155768106020594 -0.3324846001677391
1730795494.7755053 -0.7921162422674626 0.15690724186048768 -0.3201688962212584
1730795494.8279085 -0.7816255451837253 0.1567939117329889 -0.33154471916392647
1730795494.8803847 -0.7717362307974939 0.1556485961854522 -0.34444295667862707
1730795494.9326026 -0.7816751851992377 0.1534784353556365 -0.33409315533635264
1730795494.985242 -0.7936815945688174 0.15232512257192996 -0.327279273680207
1730795495.042691 -0.7880466300262663 0.15273304595685142 -0.3549154555568316
1730795495.0958903 -0.7755896072543198 0.15341953659008298 -0.36568201282736185
1730795495.148471 -0.7615148806308822 0.15411279129307504 -0.3523589463989932
1730795495.2013 -0.7659314675444381 0.1532445736074071 -0.3502085881201394
1730795495.2551072 -0.7676903617325144 0.15260267173287081 -0.3491589393567404
1730795495.307698 -0.760471462407431 0.15197189028324762 -0.3380373248123599
1730795495.3606472 -0.7517408560003428 0.1506616407668531 -0.33503837257760893
1730795495.413055 -0.7613384242115794 0.15183637745821646 -0.3702245149174927
1730795495.4663663 -0.7546018082551048 0.15200090322534796 -0.357558860781003
1730795495.5187619 -0.754468121652668 0.15135850388225697 -0.354406754317164
1730795495.5711079 -0.7682235562447267 0.1512984039384225 -0.36087562966224174
1730795495.6236537 -0.765708037071346 0.1527880133128856 -0.3497741179050851
1730795495.6761212 -0.7718314409303146 0.1522736321814207 -0.3382106701351839
1730795495.728667 -0.7664470027377708 0.15365586346266558 -0.3547243213150869
1730795495.781115 -0.7593294898233687 0.15325258151599816 -0.35651039296171
1730795495.840394 -0.823298956538946 0.15374294662389928 -0.3473618055949336
1730795495.8923423 -0.7913693749409944 0.15252124684511537 -0.33676323514656537
1730795495.944557 -0.8067007077097957 0.15222961350157044 -0.3422722392134179
1730795495.9987676 -0.8094572645444268 0.1509511437767022 -0.3440251878196281
1730795496.0513113 -0.813164774982259 0.15066241681023287 -0.32391304369829393
1730795496.1040719 -0.7926866572676834 0.15073121637501133 -0.348140121939915
1730795496.1559165 -0.7968549913133893 0.15141670514061475 -0.34856296886963856
1730795496.2084098 -0.8131436638982698 0.15046257501265572 -0.3244869333553671
1730795496.260514 -0.7765772481281816 0.1488627726623943 -0.34215832163514887
1730795496.313055 -0.8263627285377189 0.14892660605917518 -0.34614413781666165
1730795496.3653378 -0.8308905644863379 0.14904461929539964 -0.34966043226229954
1730795496.417745 -0.8172294326069192 0.14773334033490146 -0.35822079159472153
1730795496.46973 -0.806343334919622 0.14948823202694367 -0.3522326386716077
1730795496.5215385 -0.8240660102746675 0.14778574814554862 -0.3390775091921312
1730795496.5739295 -0.8261823114798965 0.14893124339153505 -0.33402537053858394
1730795496.6263623 -0.8113862391665785 0.14803190892910872 -0.3578664073106408
1730795496.678881 -0.8256625421687498 0.14699882534217723 -0.33011099692635315
1730795496.7310538 -0.8281550933255925 0.14532931681046196 -0.33097150041601026
1730795496.783322 -0.8182276940730075 0.1447107567190294 -0.35639902768463866
1730795496.8351347 -0.8247843162669145 0.1454939634831132 -0.3573525700911275
1730795496.8875735 -0.8314006098835062 0.1441643654727716 -0.3381358387289718
1730795496.9395647 -0.8140175372452806 0.14316352153766523 -0.33423347764527006
1730795496.991759 -0.8192271988926325 0.1436145695946482 -0.3261912418931256
1730795497.0443614 -0.8165244225364743 0.14339196021326367 -0.32922111187759107
1730795497.0964842 -0.8351897621181303 0.1419692208656411 -0.3545142456832919
1730795497.1485224 -0.8378000477108757 0.14265140520070163 -0.36050582751385435
1730795497.2009711 -0.8331120057411606 0.14377889586185014 -0.3478440428403742
1730795497.253275 -0.8374800563619207 0.14382383318486716 -0.3305257553888351
1730795497.3101637 -0.8483595711275169 0.14469085002713394 -0.33881302149618353
1730795497.3619657 -0.8439353902656104 0.14560119108507272 -0.3756241710827198
1730795497.4140627 -0.8512251854270957 0.1454885687731948 -0.32469303835703567
1730795497.4661062 -0.856620709718694 0.14430694685903395 -0.3473837774541394
1730795497.5185566 -0.8638924359780691 0.14173294113806603 -0.3303726480847609
1730795497.570494 -0.8567296219059957 0.13997460030450437 -0.33030414052912327
1730795497.6223152 -0.8667940213568565 0.14037166821125346 -0.33195320997225625
1730795497.6740508 -0.8487880762115185 0.13912981234381647 -0.36709546628367823
1730795497.7262042 -0.8377719113005316 0.13749045899395151 -0.3475571519822518
1730795497.7786658 -0.8534282781912034 0.13777840134125868 -0.3397313420771269
1730795497.8308692 -0.850667544071892 0.1359580644409246 -0.3575412376870352
1730795497.8832822 -0.8464852721147585 0.1365272384278598 -0.3572393476610369
1730795497.9352832 -0.855343674886046 0.13588573973188026 -0.3415884287162565
1730795497.9881485 -0.8585185801078038 0.13542102293029515 -0.33815335571286737
1730795498.0397453 -0.8470948175336722 0.1345017478804911 -0.32415144934370493
1730795498.092184 -0.8500327971672696 0.13456965186500794 -0.3239455593646388
1730795498.1438363 -0.839925644580067 0.13410450117800918 -0.33979246484504444
1730795498.1963027 -0.865673032835881 0.1335821414616232 -0.35076525067300707
1730795498.2487082 -0.841374981107058 0.1342680682767755 -0.3326007585837386
1730795498.3010347 -0.8669037725065728 0.1343731678309361 -0.34099788288039534
1730795498.3528972 -0.8606399358059277 0.13438685052393642 -0.356382062187787
1730795498.4051716 -0.8731614162228837 0.1336460178975088 -0.34101611357014794
1730795498.4576023 -0.8676194141619669 0.13187243501880222 -0.33410165956407645
1730795498.5109124 -0.8650089541086828 0.12951907253765912 -0.35467899949551324
1730795498.563349 -0.8758756081406872 0.12991857624508882 -0.34285601804005944
1730795498.6158268 -0.8769038468213871 0.12900349533844424 -0.32202050472891924
1730795498.667443 -0.8688111789840267 0.12834491142878657 -0.32231868449372186
1730795498.7209196 -0.857388720010053 0.12902206818213569 -0.34547353864129104
1730795498.7733724 -0.8642953268870358 0.12941969868393122 -0.33071974666211024
1730795498.8255498 -0.8766514820282719 0.1278226577231296 -0.3506909947931165
1730795498.8776217 -0.8747683541651117 0.1256522046904157 -0.3410120199147145
1730795498.9297836 -0.8695740391815965 0.1256868149290706 -0.3310098184407533
1730795498.9817476 -0.884819716676798 0.1248313075380389 -0.33948254985760523
1730795499.0337708 -0.8687913684291187 0.12532473407153125 -0.32008125161902945
1730795499.0877237 -0.8744272613315979 0.12481146010498681 -0.3405577298668011
1730795499.1398795 -0.8708581345392264 0.12526292145966617 -0.3326277203663223
1730795499.1919641 -0.8723292969144636 0.1249376686504409 -0.3413220658639124
1730795499.2437625 -0.8703715780149018 0.12461635342414443 -0.34490787389383576
1730795499.29601 -0.8595157298893359 0.1258921494102313 -0.3318323305012343
1730795499.3478332 -0.8859458494742306 0.12369774288877983 -0.32689624813285856
1730795499.4001536 -0.8716582384191732 0.1249391116980009 -0.34537980116975014
1730795499.45187 -0.8834745569712097 0.12505701280833376 -0.3503203267502864
1730795499.5042288 -0.8673394216185244 0.12467598264598745 -0.33884429502785046
1730795499.555796 -0.881535444131955 0.1240518949126242 -0.34724931134801174
1730795499.607989 -0.8814238997542988 0.12337729492371552 -0.32692032437532714
1730795499.6603162 -0.8797792476594186 0.1225941973881015 -0.3433095601748495
1730795499.7127686 -0.8875599296130223 0.12195429687555541 -0.33136074441508445
1730795499.7650383 -0.875704390884419 0.12148517977699969 -0.34868884107062886
1730795499.8172128 -0.8836872762997335 0.12209902727588401 -0.33600808968817464
1730795499.8694546 -0.9100060207967295 0.12061502122578135 -0.35600703772417874
1730795499.9212272 -0.8745838600856328 0.12008977129382346 -0.36577438328754724
1730795499.9736166 -0.8865678573632195 0.12140331068084854 -0.32505263992715727
1730795500.02593 -0.8632343454287111 0.12009568136643545 -0.3441233340835694
1730795500.0812583 -0.8878767163825563 0.1201144900952804 -0.34521954603761373
1730795500.1333897 -0.8909379142895144 0.11953314269594958 -0.36441213650415194
1730795500.185548 -0.8916621146542234 0.1193564064032037 -0.3430932636119289
1730795500.237394 -0.8970678470954583 0.11894753480393523 -0.3305075707320838
1730795500.2899094 -0.8973284354996741 0.11930425761341427 -0.3494943484772814
1730795500.341935 -0.8899436968110485 0.11761685727794889 -0.3418582836879495
1730795500.394547 -0.8823903659547522 0.11706188495756088 -0.3288535762585219
1730795500.4472814 -0.8885876803199181 0.11643626027975908 -0.3241046041949237
1730795500.499894 -0.8912426128503294 0.11700366835306063 -0.33558660270367086
1730795500.5518076 -0.8826704520914466 0.1174495146772102 -0.33154933378081625
1730795500.603745 -0.8823842918912002 0.11670980575576434 -0.3368958315641457
1730795500.6554315 -0.8773353400988321 0.11597783021574115 -0.3435624568505749
1730795500.709558 -0.8749392046013149 0.11580388527675656 -0.3329530714737881
1730795500.761047 -0.8845973084604963 0.11593080565636708 -0.3326593098560582
1730795500.8137348 -0.8917674152804586 0.1161036605965699 -0.34544710196259293
1730795500.8660016 -0.8814795242538664 0.1153005097507301 -0.33113825898087035
1730795500.9180543 -0.9093455338049578 0.11671501829205595 -0.34087447835520207
1730795500.9700608 -0.907743674471417 0.11664979850033999 -0.3440962571720383
1730795501.0222583 -0.8868057383808787 0.1169314356481113 -0.3575464666680711
1730795501.0739243 -0.8819509454595524 0.11735693276091892 -0.331455879596541
1730795501.1262267 -0.8891659368249709 0.11701226679717201 -0.34907568424559315
1730795501.1778262 -0.8900795855098222 0.11700635130827364 -0.34919365110709216
1730795501.229895 -0.8835804448707252 0.11661748105490069 -0.34208663790347094
1730795501.2815993 -0.8844455156494792 0.11746602213897821 -0.32678920499084957
1730795501.342167 -0.8963777712761942 0.11848830700227989 -0.3539996227139849
1730795501.3941898 -0.8960392132494572 0.1175400643353867 -0.3667885685213516
1730795501.4463048 -0.8984170107120243 0.11696804269150672 -0.3486285836753598
1730795501.4985108 -0.8979709377178917 0.11605849744930505 -0.339036868800107
1730795501.5504272 -0.9072071091664139 0.11746002737135414 -0.33459877355446366
1730795501.6024363 -0.9073315105780078 0.11693472495090913 -0.34341641373486514
1730795501.6539767 -0.8809481587331419 0.11683195623501563 -0.3289475120464456
1730795501.7061903 -0.8760544659003375 0.11860736574219483 -0.3352998000921357
1730795501.7585022 -0.8697307292234809 0.11848293615605796 -0.3551183907481657
1730795501.8115444 -0.8947824532289028 0.11839800467335992 -0.32712017283656136
1730795501.863545 -0.8895871070783496 0.11805666499458566 -0.3391920028365011
1730795501.915842 -0.8864742872932986 0.11799001799649703 -0.35595547855455534
1730795501.9681032 -0.8922549905223968 0.11888637220484895 -0.34788372842817417
1730795502.020117 -0.8780014578207265 0.11809278649399309 -0.3565175587653245
1730795502.0717201 -0.8852597152510805 0.11827401979065398 -0.36153142966996693
1730795502.1235886 -0.8623337649251491 0.11734351188428702 -0.3600018224640006
1730795502.175085 -0.8536480598225948 0.11683488180206116 -0.340047675494819
1730795502.2261255 -0.8793289966371103 0.11605711907688726 -0.3549665600182781
1730795502.2783146 -0.8761815595388189 0.11732935357716345 -0.34123521609035196
1730795502.3303308 -0.8852164714477211 0.11715694853827975 -0.358295648853505
1730795502.3820581 -0.8827243154396327 0.1170470291432502 -0.3603536196842047
1730795502.4338431 -0.8767084127974025 0.11561481296651728 -0.34422923644826153
1730795502.4855032 -0.8838645192158016 0.11577021505523344 -0.3395986728549074
1730795502.5371017 -0.8972032451504404 0.11483874628195409 -0.3238567897091487
1730795502.5887961 -0.9027377683756153 0.11470316447205357 -0.3627681193279725
1730795502.6405306 -0.8914746193806399 0.11436261768247304 -0.3554531490085158
1730795502.6926804 -0.9019812953230193 0.11345864871231218 -0.34691858329120473
1730795502.7444727 -0.9238034974328269 0.1133537405627715 -0.34080375451884565
1730795502.7964618 -0.9081846782556333 0.11352620513714119 -0.35006304796844506
1730795502.8482182 -0.893113189000513 0.11322729642336345 -0.35755673359193896
1730795502.9006612 -0.9049811219159206 0.11436121747018159 -0.35643667662813133
1730795502.9524114 -0.9105708540479533 0.1136825096929587 -0.3393572951390199
1730795503.0043879 -0.909305568125209 0.1135635882675887 -0.35443745491921497
1730795503.0560827 -0.9070350569467768 0.11435846228324606 -0.34608663553273517
1730795503.1076434 -0.9125013947929483 0.11255678552784214 -0.35282522453177334
1730795503.1590054 -0.9144872089712716 0.11210289094958767 -0.35463118136405153
1730795503.2102695 -0.9330894154997025 0.11013408365857923 -0.3534613975163669
1730795503.2623436 -0.9130452981585339 0.11006757396047216 -0.35043882489747236
1730795503.3144383 -0.9108311089220784 0.11054188823460932 -0.3410286995525917
1730795503.3665116 -0.8841297962042015 0.10906045691587912 -0.3489696667479148
1730795503.4181051 -0.9167409689944733 0.10959418760416555 -0.332546801504312
1730795503.4699934 -0.9206628918945795 0.10942987072810978 -0.34602585676238107
1730795503.526334 -0.9128405078841362 0.10909785750366215 -0.36387693650619174
1730795503.57876 -0.937888708644336 0.10847310831344173 -0.3607230005783708
1730795503.629539 -0.9180789836312874 0.10776608706691042 -0.3461151477435054
1730795503.6817167 -0.9442045818128809 0.10805030410026352 -0.3565660499946099
1730795503.7339005 -0.9261472209724994 0.10804096854599153 -0.3400386687575449
1730795503.7859643 -0.9426201451455967 0.10927698775190066 -0.35523261123068367
1730795503.837726 -0.9364124210716939 0.10913969917073399 -0.3445544102218759
1730795503.8902943 -0.9132528804719116 0.10846693630799453 -0.3449037247039595
1730795503.9425159 -0.8996337090618758 0.10858688460036446 -0.3319523746296966
1730795503.994801 -0.920188069941274 0.10909816046634012 -0.34612882707735015
1730795504.0474432 -0.9245881859382288 0.10846421808867865 -0.3610055575392721
1730795504.1010582 -0.9091644186146788 0.10573726973953464 -0.33316099715943953
1730795504.152991 -0.9237358653381523 0.10484012374854323 -0.3530483767377721
1730795504.2044444 0.7264254131165233 -6.011495919732889 -0.8027412875780948
1730795504.2565365 -0.43049896251272746 -3.0010126678738747 -0.47562160730146286
1730795504.3074148 -1.2662349047710777 -1.0933061164853803 -0.10586002180932615
1730795504.3587897 -0.6960620661883545 -1.039716522178809 -0.5806548435980774
1730795504.4110308 -0.7562455276963557 -0.9807223451777565 -0.46077582183233706
1730795504.4630644 -0.35511913762408953 -0.36225857198231803 -0.5306753464352509
1730795504.5155156 -1.5945293630650423 0.6436533644654041 -0.19898833351571107
1730795504.5684733 -1.5854629105092677 1.7510890907780576 -0.2030326497079466
1730795504.6206143 0.13952680844645432 2.789138422101427 -0.6060387403725088
1730795504.6731634 -2.477848135652653 4.055742374896508 0.21289941873333698
1730795504.7256513 -2.2237849938177043 5.83948814977001 -0.011692872225476526
1730795504.7780323 2.6865318433727468 6.0166796894484245 -1.231846952665212
1730795504.8303337 -1.0177223687584422 7.543955692479957 -0.2604999800094161
1730795504.882873 -2.704277599437105 9.279023042471955 0.0969579268926078
1730795504.9349043 -1.2007848394798186 9.428144166365295 -0.25513011484240417
1730795504.9870925 -0.17990865864593944 11.094694956558119 -0.5741122540691196
1730795505.0396755 -3.198556729749184 12.736441888946821 0.13249607513918807
1730795505.0923054 0.3656147761940187 13.12016334636102 -1.1067798505022404
1730795505.1446748 3.2458563707730086 14.569300677053564 -1.4651738001275023
1730795505.1974835 -2.9511451728425353 16.059413658719595 -0.06002071986139013
1730795505.2498124 -1.016350599646975 16.935930783655806 -0.4922885868096207
1730795505.302519 -1.2222156743650858 17.840409292583487 -0.2311877457350479
1730795505.354089 -2.783022812063868 19.60603796362439 -0.3276982255237428
1730795505.406159 -3.740221456864957 20.806877671861752 0.18794315502216957
1730795505.4582865 0.04565859882576088 21.390258740058172 -1.068318427745014
1730795505.5105076 -1.1364762177731331 22.29576046922165 -0.8872152255101569
1730795505.5631683 -0.6625717351064648 22.285512890182936 -0.8565455441272198
1730795505.61539 -1.0327172006354706 22.29362599289001 -0.7548975215158085
1730795505.667747 -1.4716551660168382 22.26783127128697 -0.621579461952137
1730795505.7199316 -2.1330558342106993 22.26313217643264 -0.26081661627723435
1730795505.7723086 -1.9978243317220663 22.253881910943186 -0.2969532602671083
1730795505.8246024 -1.5532851218595602 22.2387980147457 -0.5157914192893451
1730795505.8766663 -0.9171612934988022 22.24426645509378 -0.6473805570844199
1730795505.9288826 -0.7924779383243055 22.26593323488563 -0.7497184705869455
1730795505.981163 -0.8482383628544631 22.307313370105184 -0.7609671542594084
1730795506.0332375 -1.0680818007459665 22.331173590324564 -0.676962839712623
1730795506.085018 -1.4769036310329235 22.310807744980636 -0.4850102885269091
1730795506.1373491 -2.2251513265578606 22.274402297389937 -0.323169076675265
1730795506.1895154 -1.9790586807930055 22.272057044241738 -0.35609138550198066
1730795506.2419431 -1.3223270549649837 22.29111508370318 -0.49927924775872917
1730795506.2924104 -1.2828072912271624 22.30146003890274 -0.5659839373342734
1730795506.3450818 -0.8411598519917936 22.306009623934187 -0.7033669359379782
1730795506.3976693 -0.9034527302763316 22.32167985105442 -0.7320663048481124
1730795506.4499621 -1.0568951653853904 22.35572530189584 -0.6865829813804909
1730795506.502133 -1.8448575177938773 22.34156637495549 -0.46562766324782234
1730795506.5542297 -2.1737447549434608 22.316483946714435 -0.3134946926166808
1730795506.605762 -1.9504935488001784 22.309974611735427 -0.3124700981039242
1730795506.657804 -1.5786284244877717 22.30730200433117 -0.41969114144319253
1730795506.709712 -1.1238806244281019 22.34174499351014 -0.5655876482670388
1730795506.762096 -0.8510355813859516 22.325143613290106 -0.7269156442849407
1730795506.8141503 -0.9560184682468497 22.312147242727328 -0.7181097313358078
1730795506.8662546 -1.0801420706660567 22.313415660783154 -0.7151319631607662
1730795506.9179263 -1.501951254571895 22.303960052775476 -0.592927686756649
1730795506.9721773 -2.132627221004311 22.255702834651725 -0.3370111223705459
1730795507.0240028 -1.7278066608994396 22.249840792529834 -0.39742723997240575
1730795507.0760972 -1.346087904843486 22.238675610763817 -0.5861422978165428
1730795507.1283426 -0.8936168278612725 22.24116271471095 -0.7103104632604623
1730795507.1808865 -0.897466996348311 22.258597238047805 -0.7263196174556473
1730795507.2331557 -1.1512409587883166 22.24332778290536 -0.7017169965908672
1730795507.2856898 -1.5597002752874747 22.25493818387094 -0.4366188470999685
1730795507.3381937 -2.188032132148873 22.23538893983524 -0.3439118665777708
1730795507.3906605 -1.669436331300923 22.23920447880509 -0.409171381452652
1730795507.4427977 -1.2721263861429557 22.260998207994458 -0.5354586550733974
1730795507.4952602 -0.9804078999907327 22.24251366821192 -0.7024748636648296
1730795507.5466838 -0.7995944085997183 22.25077605609697 -0.710215719730607
1730795507.599248 -8.587490757970217 21.33783069187504 -0.21060946827840973
1730795507.651318 -3.8569252459195384 20.074555198415442 -0.5993775890666775
1730795507.7042506 -4.05543099025195 18.99331929925251 -0.557003763960705
1730795507.7568011 -5.4497213424418645 17.968592080790867 -0.6071053237566157
1730795507.8087828 -7.062060871870916 16.682636157126893 -1.0262793342947985
1730795507.8609743 -7.820359115776541 15.865988684135107 -0.8624548329019973
1730795507.9133854 -7.563500529746561 14.66069602319029 -0.8585734132821797
1730795507.9660769 -10.772190543884355 13.72624821052512 -1.117871101917796
1730795508.0186415 -11.628156947936603 12.805886975892674 -1.5605166594411974
1730795508.0708022 -12.107769491695501 12.137588229266036 -1.4909148413283975
1730795508.1228287 -13.184777534683011 11.745939105684535 -1.289391749066424
1730795508.1742284 -14.37286604287764 11.255659450788219 -1.710279936759179
1730795508.2257373 -15.361418442645784 10.742020188979176 -1.6718352726876997
1730795508.2784185 -15.93805072442003 10.184763234097867 -1.300753200541971
1730795508.3310292 -19.973623076534896 8.900671993350054 -2.222594875352778
1730795508.3832572 -18.895286855067653 8.570041850627781 -2.389482565519362
1730795508.4357324 -18.491498660861065 8.556039191261071 -2.041472899988343
1730795508.4877844 -18.884854517244673 8.528529424255195 -2.0847014082608313
1730795508.5396018 -18.778965741565717 8.50745467307325 -2.1525109745834463
1730795508.592386 -18.393861023770384 8.445020195331223 -2.0532363093978216
1730795508.6497176 -18.455533054719897 8.405889994181813 -2.095165583382892
1730795508.7020454 -18.279900716932787 8.385859347742224 -2.1163389566723017
1730795508.754259 -18.64634382676011 8.355106263958625 -2.155174563954114
1730795508.8061538 -18.644438286932278 8.3258844494506 -2.2108163575126274
1730795508.8585165 -18.24019315422557 8.269216044404754 -2.182247807968997
1730795508.9108922 -18.730922600837182 8.227087862878893 -2.137158619292498
1730795508.9630244 -19.19308222304708 8.19545197547785 -2.087281876113849
1730795509.0148842 -18.766509163362937 8.157044894951486 -2.1768500029058995
1730795509.0671685 -18.317120026735953 8.114209756155352 -2.159059871896011
1730795509.11944 -18.389299187869344 8.088163960496926 -2.2119130343938025
1730795509.1717486 -18.75278586342999 8.053033697375954 -2.3012572671416804
1730795509.22316 -18.57428539267732 7.998234349830428 -2.322822881365072
1730795509.2753656 -18.23995487092984 7.944158003531219 -2.332184764362978
1730795509.3277364 -18.39259344730113 7.918667161076008 -2.2478995708916596
1730795509.3797762 -19.06504770713499 7.913460649125824 -2.20165595296512
1730795509.4318116 -18.711074478225413 7.876843720077005 -2.260498340322769
1730795509.4841762 -18.15469345200946 7.811754672886876 -2.3070518477045114
1730795509.536318 -18.22462323777227 7.779196218119332 -2.353430156987639
1730795509.588504 -18.58009025392179 7.756958475407694 -2.3668498146958536
1730795509.6399636 -18.417757216543503 7.741531926795096 -2.402298782261189
1730795509.6926188 -18.0842437604489 7.695554366207343 -2.3717048136834924
1730795509.744313 -18.42421289035637 7.683669329315621 -2.340720346371716
1730795509.796391 -18.947965457636595 7.674091566897524 -2.3120249309535215
1730795509.849245 -18.546038650017636 7.637669133624711 -2.3596126813068006
1730795509.9024267 -18.034685506138185 7.620609674715043 -2.4168759313713286
1730795509.95479 -18.447596593587946 7.600471923617407 -2.443761772736279
1730795510.007636 -18.263707222151186 7.5458345572612195 -2.4353589871102406
1730795510.0601888 -18.252167256896893 7.511422971951376 -2.4280682131226037
1730795510.113353 -19.031604414818766 7.508144731984222 -2.2410351185328095
1730795510.1655886 -18.749465185756318 7.484511794368775 -2.39080251758167
1730795510.2181444 -18.141287555822547 7.462304242292375 -2.4651605247084816
1730795510.2702005 -18.177077416350308 7.448189035466301 -2.451659632748214
1730795510.3218744 -18.54935600615658 7.4529983868358896 -2.4951609740948197
1730795510.373977 -18.233039912882035 7.416215668321393 -2.5245103316891204
1730795510.4243708 -18.917999023848257 8.254940245579796 -2.4243568496417955
1730795510.4765005 -20.738719180514277 8.76672828610252 -2.013662017063296
1730795510.5287495 -18.4068422863561 9.804605791522114 -1.7985007952826018
1730795510.581088 -23.190148413418374 11.165649597833813 -0.7168072830412021
1730795510.6329834 -22.14723412193419 11.969953200647623 -0.5270923845849484
1730795510.685397 -20.30746703267949 12.784103495149608 -0.5495591166747429
1730795510.7370992 -21.27760564049278 14.29163146274368 -0.11250314938680424
1730795510.789106 -22.83184702785697 15.050657417498797 0.40128298834148596
1730795510.841533 -22.398745163141037 16.448786948999143 0.8087605374557004
1730795510.8942258 -16.79361283232437 17.156766642483813 0.536860758367898
1730795510.9467974 -23.53445214888575 18.632698262800186 1.926399776784704
1730795510.9991534 -21.627347264476892 19.22647299522102 1.8073784463545943
1730795511.051541 -19.374960401222687 20.113520767918065 1.849756842099575
1730795511.104374 -22.703216933315208 21.66520690467664 2.41318083444125
1730795511.1563952 -23.280177234987644 22.49582743208697 3.4021403722947166
1730795511.2080138 -20.882402957140616 23.33576921677942 3.015540799547873
1730795511.2607336 -19.29643375314607 24.14386087471762 3.311938767980494
1730795511.3129766 -20.574867974717865 24.178004329106543 3.4235981625884175
1730795511.3651812 -20.934840871187845 24.18681222232537 3.3884544531002176
1730795511.4174163 -20.816049100291483 24.18926955360869 3.285313737143327
1730795511.471141 -21.521245464631345 24.165433593204064 3.4445570814176083
1730795511.5233672 -22.041238215767105 24.132664142114713 3.5776040234727224
1730795511.5765064 -21.108439706746566 24.127651011961575 3.4589061221386777
1730795511.6280098 -20.747313049538338 24.134608053730446 3.4556424140865047
1730795511.6794217 -20.71208789597427 24.142638057349018 3.410103131339329
1730795511.7313347 -20.84712259105336 24.12646591063584 3.4019423710144494
1730795511.7832448 -20.85066302893742 24.119904633006296 3.3469243461515092
1730795511.834904 -20.7665989453232 24.11872179477154 3.319866665339872
1730795511.8869295 -21.131057766870107 24.134838598905176 3.3742030556731595
1730795511.9386468 -21.52294933897277 24.137541740718785 3.5321537002082355
1730795511.992267 -21.418968142590366 24.109278283576558 3.5745581335925825
1730795512.0441148 -20.914241832268505 24.0978920263597 3.493942759642413
1730795512.096021 -20.721548482600458 24.09099368583661 3.4023903259903236
1730795512.1477654 -20.814921154599894 24.091301590188927 3.3920785701913583
1730795512.199514 -20.890021806818293 24.105851232109092 3.374765431591384
1730795512.2594597 -20.818169150561904 24.081836491694943 3.4863453360406638
1730795512.315502 -20.848762286717808 24.080955022362506 3.369707357787446
1730795512.3670921 -20.799276745033946 24.099668820354474 3.4134763640924017
1730795512.419106 -20.739236010814185 24.128118638241514 3.258392719187479
1730795512.4711032 -21.09918590278644 24.131339230998694 3.434638104044514
1730795512.5231805 -21.9035249041722 24.134832524538506 3.5586995540782396
1730795512.5747046 -21.723559956300285 24.133588804317863 3.5145241730455137
1730795512.6267092 -21.108862344893375 24.125497471694946 3.4842425474407763
1730795512.6783936 -20.779468238517723 24.12697687998654 3.458367859449505
1730795512.730561 -20.775012030305675 24.125781984775013 3.428772749544888
1730795512.7821708 -20.82269355387943 24.125582667905988 3.408707138120449
1730795512.8344784 -20.79890218758664 24.130417011468523 3.345269069898102
1730795512.886254 -20.854162397914468 24.130820310013487 3.3108304642687743
1730795512.938586 -21.4780340199277 24.13251343869929 3.49598189825124
1730795512.9907131 -21.915933736947565 24.127537679446267 3.536415973739629
1730795513.0435386 -21.05901181193995 24.113780823067813 3.4756356225114584
1730795513.0960257 -20.720693580057063 24.13013822095851 3.434260873518092
1730795513.1489742 -20.915485764561346 24.16154174479727 3.394653675028738
1730795513.2010982 -20.861861250115247 24.17940159544922 3.308771985781896
1730795513.2595358 -22.468471481200275 24.1279225678837 3.772773192247246
1730795513.310646 -19.73507116728836 21.606339181657525 -0.015775783861083695
1730795513.3630095 -25.946895280668983 23.337892420593317 3.628244955141429
1730795513.4151976 -23.620329135870943 23.350519761929412 3.241643488222722
1730795513.4681895 -22.69773182833949 24.717338624709505 4.013948859637126
1730795513.5207787 -29.499202345765884 25.905236378894916 4.7225363175241055
1730795513.5732152 -26.50355041349963 26.481214465217917 4.441868487053304
1730795513.6251993 -24.743638563034725 27.410638843941452 5.135685898750889
1730795513.6777537 -32.89623992754918 29.077654164365132 6.258358841221521
1730795513.7302246 -33.65407100114336 29.632938720883878 6.670973784658757
1730795513.7826345 -32.04287080850493 30.356717427473757 6.982056276337803
1730795513.8352733 -35.60686743881943 31.617788146792744 7.420192091273639
1730795513.8875592 -37.463863054904664 32.53994514481744 8.256506206227549
1730795513.9399405 -37.0647609947067 33.39069865030921 8.642429888663235
1730795513.9920602 -31.380714116196724 34.04340797190308 9.07508745730608
1730795514.0444844 -39.99407519995758 35.32305324758067 9.794051640990768
1730795514.0964622 -41.54310655076402 36.32912257671931 10.884734542225052
1730795514.1486115 -38.54295776117632 36.62743645809965 10.719841110415164
1730795514.2011888 -38.76719964341966 37.30247761309247 11.342118149612713
1730795514.2537189 -39.10613229426816 37.35173204680641 11.443045568437249
1730795514.305898 -39.95415329808603 37.309693689214406 11.447354010498689
1730795514.3577964 -40.029419113061444 37.27656208555994 11.48170243598346
1730795514.4100077 -38.969201180426246 37.25980317546547 11.385819153832635
1730795514.4618359 -38.50585223710848 37.265296589486276 11.534553321907843
1730795514.5141778 -38.69036297875915 37.27517809280583 11.561375433608758
1730795514.5664542 -38.61821017510994 37.29664935940406 11.439961282434956
1730795514.6184127 -38.67301501454617 37.33953646615585 11.391307875378684
1730795514.669701 -38.88896711070031 37.34367255824246 11.422805521497171
1730795514.7213218 -39.353950456763734 37.360291311176226 11.38578696927088
1730795514.7731495 -40.40191241570989 37.35410147743305 11.532164395582848
1730795514.825518 -39.882986886622604 37.329991044464506 11.407367679764207
1730795514.877859 -38.6120397676692 37.31836221552638 11.490645325705366
1730795514.9305203 -38.67404910985306 37.34366205421148 11.51437469238439
1730795514.9827394 -38.574042134232684 37.33548658694079 11.421682026578967
1730795515.0349522 -38.55890384704592 37.35620736138569 11.354445205711722
1730795515.0872295 -39.004612087202965 37.37210934676892 11.374378200263207
1730795515.139446 -39.92346859897997 37.371721346048126 11.461983975008492
1730795515.1912105 -40.26065246771423 37.361863739055096 11.467692506871815
1730795515.2435713 -38.49658213503969 37.39435967052685 11.576400794739964
1730795515.2966957 -38.41527393928207 37.369566598502594 11.538372933779085
1730795515.3492196 -38.28084344785847 37.514402716307224 11.380569414931072
1730795515.4002454 -38.2596241928449 37.54607729395493 11.538083294387617
1730795515.4527633 -38.41373365878036 37.59286271531661 11.421409309204218
1730795515.5051522 -39.24189786758805 37.61021180172337 11.433531296590337
1730795515.5574856 -40.02682392747952 37.60213372968701 11.55087583298548
1730795515.6094491 -39.301418963885844 37.58607103492284 11.47840156690522
1730795515.6619802 -38.27810800932266 37.575608288336454 11.563708047642637
1730795515.7142417 -38.34885565383117 37.59703294488148 11.549357770541341
1730795515.7664776 -38.34015023925314 37.596611143293046 11.474192762718152
1730795515.8182144 -38.307471174817735 37.59693259295102 11.389954102478745
1730795515.8701057 -38.5543697173812 37.62896058817687 11.356536383135417
1730795515.922379 -39.36598742008666 37.64600935878529 11.387402570621116
1730795515.974088 -40.059691144678084 37.640465329978035 11.516487007367164
1730795516.0260994 -39.47692862514554 37.63880031087909 11.440598643540588
1730795516.078049 -38.47620967763184 37.65648069973903 11.425049876786439
1730795516.1300821 -38.25682966441677 37.66946860778905 11.542479447687555
1730795516.1804216 -38.270934860972154 37.647116440947144 11.52077374968228
1730795516.2323573 -42.608377538478386 41.191668268368005 13.919128624302983
1730795516.284868 -35.55483720590584 37.652480934012594 10.901309489020546
1730795516.3376195 -35.53625070259122 36.99245552662621 11.463436858369237
1730795516.3903685 -36.56278377672478 36.381416037403596 9.86457124808762
1730795516.4424655 -39.57614165163848 35.7201077158934 10.14504731087987
1730795516.49495 -35.458720360895434 34.571779165032254 9.264758642583013
1730795516.5473847 -32.46412287509309 33.79117792326184 9.429624574321373
1730795516.6006129 -32.89465081028278 32.86259854026896 7.766777412326528
1730795516.6534288 -30.47846480161209 31.972490031421554 7.174650169932874
1730795516.705624 -29.367584915805132 31.16681790782893 7.177760475308257
1730795516.7576866 -27.651835217755284 30.06428434982828 7.1379282825819015
1730795516.810157 -28.54430152701458 29.263875816583692 5.93379724019824
1730795516.862702 -25.942321422615038 28.29785557156035 5.476199638215312
1730795516.915032 -24.958173110504084 27.23944605912153 5.25849588403227
1730795516.9680662 -25.75301536239337 26.366039472067477 5.037991978924151
1730795517.020434 -22.18722915855455 25.412742723677788 4.037610284113872
1730795517.0730653 -20.816312922510825 24.403778930049647 3.7972150948285046
1730795517.1255195 -21.238040735878787 24.095314394739884 3.764431397661343
1730795517.177528 -21.247843225346983 24.093112610987042 3.775310327440633
1730795517.2298355 -21.257169256391926 24.080985865194506 3.787294537750816
1730795517.2817307 -21.422812834306058 24.070290423502062 3.823678942669854
1730795517.3341653 -21.533065204155836 24.0607803505136 3.819023348471417
1730795517.3861 -21.392181692233684 24.0514493631618 3.7613169615842246
1730795517.4383893 -21.182143800697446 24.039899878150393 3.711548027992629
1730795517.4908295 -21.125097315885323 24.035793588750135 3.7122417775459327
1730795517.542747 -21.17974666087976 24.046308283607186 3.721923142472696
1730795517.5947015 -21.240155101675832 24.045355860498013 3.6399244486183813
1730795517.6470718 -21.358958757627875 24.04648102448503 3.7689999162602885
1730795517.6990545 -21.58460294473884 24.030357330877106 3.815353810047021
1730795517.751317 -21.555791272391428 24.023513187985667 3.760701288962788
1730795517.8030484 -21.426624842716617 24.01723558769717 3.787376396400557
1730795517.8548794 -21.22062217373396 24.006483896298896 3.717177557088568
1730795517.9068077 -21.090271512312256 23.995187914620725 3.6874570507687325
1730795517.959007 -21.174632277144205 23.993340392367717 3.689516768106576
1730795518.011139 -21.267273532821253 23.992064368562666 3.71196004417795
1730795518.0633876 -21.323017557696424 23.99177532828142 3.7181998528691547
1730795518.1154444 -21.496057533255986 23.984013221751564 3.785296658307683
1730795518.1677854 -21.55816545495706 23.98176322404004 3.786098686893307
1730795518.219778 -21.420657163766577 23.976970449510205 3.7527949466609396
1730795518.2716615 -21.277468455153198 23.974690758806712 3.702847696580347
1730795518.3222425 -21.195820109673164 23.95221065738533 3.6505477488531217
1730795518.3743184 -21.14045231290953 23.954562114541666 3.6776211186168823
1730795518.4265118 -21.237504216027684 23.961847222007634 3.6845458816635266
1730795518.4790561 -21.271677418366135 23.950267916299268 3.699337365102574
1730795518.5317516 -21.456489261964915 23.937371910858232 3.7465435550114945
1730795518.5837066 -21.580923085180178 23.921905062589854 3.7745583149691053
1730795518.6356773 -21.431129814404244 23.935205923190743 3.700548672035499
1730795518.6879747 -21.288097788663123 23.946736556201245 3.682352082139484
1730795518.7402337 -21.22025787918687 23.95031779064134 3.6758666723362285
1730795518.7923894 -21.25183721678096 23.954807627161582 3.6901190555203986
1730795518.8446996 -21.246053569714675 23.95975839720644 3.656910722782423
1730795518.8973598 -21.406628657101226 23.96318877849695 3.719640396062215
1730795518.9493594 -21.57142078915621 23.95691714063851 3.7555150094651806
1730795519.0024192 -21.532769191865587 23.953629257771876 3.7349315627601625
1730795519.0547154 -21.27227432385695 23.96333271621192 3.7047099461022186
1730795519.1065397 -21.439585516699353 23.48342207832965 3.3221604129854527
1730795519.158072 -21.02476993594397 21.763743829799875 2.6962885255007154
1730795519.2102838 -21.41605809388356 20.879020445487722 2.6170589106035265
1730795519.2627547 -21.594559235864963 20.414274524352386 2.1856278923398493
1730795519.3149474 -21.268496757997887 19.930615044467984 2.1175096428421463
1730795519.3672845 -21.075925225415652 19.359369906326314 2.0628901539512716
1730795519.4197407 -21.766538867234274 18.409310201109825 2.4012963343130975
1730795519.4715993 -20.963424433112348 17.349740371389693 0.5423339138561689
1730795519.5236497 -21.231840490499 16.47878820704334 0.8845937767122977
1730795519.5761495 -21.973142224440853 15.507925369917196 1.4957728501764957
1730795519.6291003 -20.259755211455083 14.223916491730108 -0.6670310284683721
1730795519.6816733 -21.110587421677618 13.225284786327663 -0.6108803143720648
1730795519.7336748 -20.618436685285964 12.449552864059775 -0.571457259958508
1730795519.7865553 -21.3633730238337 11.214287660568449 -1.0963821655926687
1730795519.8388188 -20.29924341781304 9.948657083194611 -2.1835165735722404
1730795519.8910866 -20.810884169563007 9.426233778090811 -1.4955773829503567
1730795519.943608 -20.947372481244166 7.6742667348256095 -1.6817362132594447
1730795519.9956307 -19.670023769361883 6.799126845052907 -3.6567344655453815
1730795520.0485556 -20.347339460714046 6.09099410346805 -2.9719886062134093
1730795520.1011777 -20.820555235923468 4.705797584791507 -3.349846890489557
1730795520.153207 -20.387647902979047 3.4707496742457353 -4.672843441395717
1730795520.2054768 -20.48230474932692 2.6896777984958824 -4.43692921549979
1730795520.257612 -19.780781846376172 1.3368364694188308 -4.92012160250201
1730795520.3098543 -24.560270401149563 0.6141240039683213 -4.614270504707311
1730795520.3619773 -19.835065088626983 -0.5557864357076434 -6.493004555589702
1730795520.4144902 -19.611625480682807 -1.838988257119211 -6.048993549275422
1730795520.4668555 -21.057404403696427 -1.4750888825367736 -5.943954194626928
1730795520.5190084 -21.07308117038574 -1.4883153426509097 -5.9598687232006435
1730795520.5711856 -21.023623721671022 -1.4950681597097641 -5.885521980914323
1730795520.6259308 -20.520884894306466 -1.4546966194824762 -6.021316353168949
1730795520.67827 -20.827923949752847 -1.462660600650436 -6.016382265101691
1730795520.7307193 -21.32024453601748 -1.4857109917557818 -5.975704406122363
1730795520.78292 -21.285835629246392 -1.4760678766576407 -5.944957127504286
1730795520.8352568 -21.094688740978608 -1.489498963597473 -5.92886247448631
1730795520.8876104 -21.120319713883486 -1.4879640008067936 -5.886369857656511
1730795520.940082 -20.891332583147893 -1.4750856602241378 -5.936851570573851
1730795520.9924014 -20.546796812711342 -1.4769655982165601 -6.019065840031664
1730795521.0447276 -20.77791433923992 -1.4848779123968179 -6.0011775333445545
1730795521.0969791 -21.13375199054278 -1.4678707907550135 -5.975013138237106
1730795521.1490872 -21.322364050853107 -1.4605332048482615 -5.989780577743778
1730795521.2011282 -21.131467842114947 -1.471887188241179 -5.969829230549122
1730795521.2531083 -21.072762997854905 -1.4714660112584599 -5.921012807551471
1730795521.3050911 -21.050535690587026 -1.480739628926789 -5.900578388691615
1730795521.3572283 -20.862400419749743 -1.4809984115243913 -5.949565999625822
1730795521.4089231 -20.598676826987713 -1.4762011164472562 -6.028176923112137
1730795521.4613085 -20.78124840370554 -1.4793282419143754 -6.004380579182974
1730795521.5133462 -21.113748061338274 -1.4824472492689251 -6.0286887419681126
1730795521.5654392 -21.255628997671607 -1.4861791348689362 -5.999192313280956
1730795521.6176803 -21.12710907642948 -1.4860719309559596 -5.974479652548429
1730795521.6697812 -21.058453587052426 -1.4739138640819602 -5.919341317073392
1730795521.7219863 -20.98432046840012 -1.4732603535595 -5.9059546388790105
1730795521.7744799 -20.835901129459725 -1.4643742014041168 -5.948324808419569
1730795521.826783 -20.565042198191712 -1.4587519732540213 -6.032268892210319
1730795521.8788738 -20.842239479887606 -1.4538448860791777 -6.019262422536605
1730795521.9312694 -21.239125071363212 -1.4627764019883147 -6.029143116309286
1730795521.983506 -21.216415136686972 -1.4626244534527726 -5.985058751880421
1730795522.0357263 -21.056601020542363 -1.467605839238655 -5.970839365666822
1730795522.087856 -21.050007744873707 -1.4788371356049688 -5.923646896015587
1730795522.139822 -20.93240414410035 -1.475652924896844 -5.924841613909759
1730795522.192254 -20.60629847560209 -1.4673983780637736 -6.011691017790501
1730795522.2445135 -20.876219055244377 -1.469609015379516 -6.004017562277168
1730795522.2989364 -21.314622235929516 -1.4633422999219754 -5.963955491864433
1730795522.3515763 -21.154569313058747 -1.4680239582028005 -5.957725702528699
1730795522.403735 -21.08478131138937 -1.487621844331436 -5.874707998428528
1730795522.455169 -18.613227571791317 -1.5193431711523113 -4.629686026457009
1730795522.5071173 -18.3738355957673 -1.4809961331309245 -6.458865441920838
1730795522.5597184 -15.842182199664402 -1.4201926438356614 -5.773001767614997
1730795522.6122801 -14.130798871964542 -1.3769084260506474 -5.830019263702159
1730795522.6646705 -15.176843216936911 -1.3516305158615471 -6.142235230328839
1730795522.7168798 -13.83416643220512 -1.3159850470957852 -5.396473349444214
1730795522.7692335 -11.097135097997713 -1.3322165321965405 -6.213057700543705
1730795522.8218448 -11.630684134538198 -1.3391497693809027 -5.890928471418401
1730795522.8743432 -9.882585061074348 -1.283228952062338 -6.234396169974719
1730795522.9269767 -7.430695426228667 -1.2714116929206836 -6.146566400469281
1730795522.9795709 -8.063137253835992 -1.227240326447006 -5.4330713362967735
1730795523.0317338 -6.8580347350237165 -1.234177885232008 -6.087907598306818
1730795523.0843494 -4.202037780618794 -1.205896872707388 -5.776958085073873
1730795523.1370363 -3.718571586041359 -1.1989006087745562 -5.645796148378151
1730795523.189475 -3.4847083704176063 -1.2241289123929515 -6.0379576758722635
1730795523.24172 -3.8259824448222086 -1.1463433079903456 -5.2005650188311225
1730795523.2938476 0.06436431186185242 -1.1757435040467499 -6.337961881662764
1730795523.3464065 -0.9089130992665126 -1.1584966971719066 -6.002530719407317
1730795523.39865 -0.907440207400648 -1.1719523327951686 -6.023425917711694
1730795523.4513874 -0.8316645422911265 -1.1616850794990043 -5.979752602472253
1730795523.5032291 -0.7997958775114629 -1.1652781307792224 -5.974085305009453
1730795523.555417 -0.7718062194286819 -1.1594490186965658 -6.019303955163932
1730795523.6070042 -0.6074614816243263 -1.168041814226195 -6.046048343438378
1730795523.6633337 -0.9524949737950835 -1.1597662715177972 -6.004559822852323
1730795523.7202911 -0.8436011222550366 -1.1808873660444577 -5.966509075264798
1730795523.7724307 -0.8369489484567344 -1.1868548386382112 -6.003714006074813
1730795523.8240955 -0.638745819291488 -1.188466767561628 -6.057134541959594
1730795523.8759167 -0.40567425053941425 -1.1833888489833198 -6.1544728885862865
1730795523.9283848 -0.6031920287949712 -1.1862313044290667 -6.083522296499083
1730795523.9805021 -0.8458769690918782 -1.182648356258065 -6.057145122148257
1730795524.0327666 -0.9416520412938584 -1.1792597000097236 -6.013404098323564
1730795524.08553 -0.7992227518124482 -1.1844193266224237 -5.986429355002303
1730795524.1370878 -0.7814632267777816 -1.1853428849948555 -5.960960594112667
1730795524.1896515 -0.6838638899352614 -1.184366182444166 -6.008046940434825
1730795524.2417738 -0.43566748452219095 -1.1771943784610572 -6.081666831398649
1730795524.2947845 -0.4851894531319539 -1.148179459737362 -6.051739942815977
1730795524.3475974 -1.064769408267173 -0.9696669710738515 -5.9378028615085805
1730795524.399547 -0.6640334286013557 -1.0275828419799342 -6.072400830534949
1730795524.452205 -0.7213917631674027 -1.0220933684103524 -6.043277959738137
1730795524.5044065 -0.7061136629448814 -1.029148025530312 -6.0425375285819785
1730795524.556799 -0.7374087621864467 -1.0250290619585627 -6.048877116364057
1730795524.6085076 -0.7138795274245068 -1.0270629442283907 -6.025790127564652
1730795524.6605651 -0.709848415021084 -1.0279611286615122 -6.061645091383619
1730795524.7130785 -0.714526121973531 -1.0283603987405738 -6.051856861422397
1730795524.7652013 -0.7126545376806485 -1.0271538269445737 -6.01082349019111
1730795524.8176777 -0.7295759247808745 -1.026487112633779 -6.025235832900213
1730795524.8698184 -0.7233560733539381 -1.0267181770586846 -6.049659968301073
1730795524.922029 -0.7376504672583932 -1.0274102815285322 -6.051698477879373
1730795524.978527 -0.7521320583560616 -1.0272873499973048 -6.047862206318649
1730795525.031524 -0.7489315888351744 -1.0285140379877946 -6.039773121270076
1730795525.0841825 -0.7574523754300503 -1.0273768310597629 -6.045412483990521
1730795525.1368942 -0.7719889576995793 -1.027961599281583 -6.0465367606149965
1730795525.189501 -0.7721039304981245 -1.0279036865133502 -6.016289843837413
1730795525.241536 -0.7727457390294715 -1.028253097829451 -6.040002626740146
1730795525.2940595 -0.7895946628753784 -1.0268895459850214 -6.038738893820149
1730795525.3464932 -0.7739934849310665 -1.026988049636418 -6.019493426782779
1730795525.3976874 -0.7711802336053293 -1.026376307981461 -6.039171384266006
1730795525.4494913 -0.7706123600858655 -1.0252922441251326 -6.050958639719378
1730795525.5020003 -0.7614870104035583 -1.0264787435956595 -6.060383771507561
1730795525.5536344 -0.7704233931764501 -1.0266045709334648 -6.048514238457173
1730795525.6058903 -0.7712578698526226 -1.0279197462868974 -6.050404496017352
1730795525.657405 -0.7857816402319014 -1.0268739666886038 -6.06444143217774
1730795525.7165685 -0.7608019284207683 -1.0252826986460297 -6.058047165933852
1730795525.7699134 -0.7422380693298685 -1.0248937729048266 -6.04164649208168
1730795525.8223143 -0.7770900495370593 -1.0249548606659726 -6.033448702177612
1730795525.8745892 -0.7608878557905352 -1.0248078985075872 -6.042132749113513
1730795525.9265616 -0.7567204590190014 -1.02368280161265 -6.0437149154064755
1730795525.9784088 -0.7657534370217531 -1.0227695214906305 -6.059692579268705
1730795526.0308213 -0.7665978498678153 -1.0231552257782353 -6.040134717712958
1730795526.082864 -0.7274561189577721 -1.0230701814998886 -6.059023645762822
1730795526.1352353 -0.7649273390130285 -1.0242909433873033 -6.031259234785228
1730795526.1880095 -0.76618748759454 -1.0232397907296773 -6.056066267474801
1730795526.2402873 -0.7643481005243975 -1.0235879492234858 -6.060550743965296
1730795526.2925005 -0.7596868962552074 -1.0221087490949754 -6.038715127686857
1730795526.3447382 -0.7520778924793156 -1.0206343234240844 -6.04016139617121
1730795526.3971324 -0.7514601440814956 -1.0213613109708002 -6.03963355717381
1730795526.4493597 -0.7768009905482112 -1.0216323371304608 -6.025529655880249
1730795526.501749 -0.7816023032390154 -1.0208163606172316 -6.035224271999787
1730795526.5537772 -0.7827329592062098 -1.0222286124011288 -6.065206804080462
1730795526.6059167 -0.7900977478146496 -1.0222773088316575 -6.057356850054942
1730795526.657622 -0.7829387608621384 -1.022104600786419 -6.018070204390557
1730795526.7093139 -0.7798882036740736 -1.023054350782887 -6.044796970941733
1730795526.7613437 -0.7551230418244302 -1.0238628048878353 -6.059156517133776
1730795526.8136034 -0.7832863731059305 -1.0242482041743777 -6.042046703142005
1730795526.865562 -0.7808758960309659 -1.0241431078961976 -6.053567966669097
1730795526.9178874 -0.7681185505702766 -1.0227262472154524 -6.032327744411669
1730795526.9698453 -0.7614655492725563 -1.0234710481899054 -6.040599355113652
1730795527.0225365 -0.7625064444241624 -1.0246782644367831 -6.018735871598836
1730795527.0749059 -0.7552757597120382 -1.0247383285632308 -6.051254637402794
1730795527.1277373 -0.7451749627845312 -1.0261458445606373 -6.043351981584915
1730795527.1805418 -0.7470770196157276 -1.0272324454818418 -6.02201146180916
1730795527.232908 -0.7274867175338846 -1.0276861854774977 -6.018441404084812
1730795527.2852547 -0.7645049493180961 -1.026939088958007 -6.05181388630902
1730795527.3386493 -0.7775565120614005 -1.0270474483020158 -6.066480412971162
1730795527.392342 -0.7402751929517383 -1.0300914306805766 -6.016977739672172
1730795527.4449146 -0.7622054778435434 -1.030383542899667 -6.0360177876892465
1730795527.4973106 -0.7546516939888774 -1.030787787999153 -6.032072148263914
1730795527.5501301 -0.7584630720215857 -1.029818194588167 -6.054009669637298
1730795527.6023188 -0.7582367885542007 -1.0297539957230044 -6.07907700460497
1730795527.6545177 -0.784351092132125 -1.0294703306559612 -6.055788734086614
1730795527.7068143 -0.7568804488633116 -1.0291914453026667 -6.042364056264367
1730795527.7664335 -0.7542999902321048 -1.0280721222723523 -6.037234276340923
1730795527.819764 -0.7426886905324841 -1.0268129902525343 -6.024047851421757
1730795527.872122 -0.7664454761744706 -1.0262591645398709 -6.056350488775359
1730795527.9242563 -0.758252668858932 -1.0254618306851162 -6.045210299776998
1730795527.9765265 -0.7697636270865008 -1.0262618575268578 -6.031359147017219
1730795528.0297341 -0.7529451111005274 -1.0255615059144891 -6.03739362174876
1730795528.0822237 -0.7486953791318196 -1.0254925313977934 -6.012722985239772
1730795528.1350677 -0.7389576162960595 -1.0253630925463149 -6.036843983804686
1730795528.1877635 -0.7597938553187091 -1.0248528843296554 -6.016970532499015
1730795528.2403321 -0.7641878397421774 -1.0245628510477716 -6.046747326987824
1730795528.2926297 -0.737583468529739 -1.0249623257664136 -6.053304038851429
1730795528.3458652 -0.7542744110416431 -1.0247393028398128 -6.016641361568498
1730795528.3983057 -0.7465179324682323 -1.024620985199483 -6.031367019559124
1730795528.4516764 -0.7416280136072377 -1.0253343373874768 -6.034895800503813
