1731043338.8386095 0.0 0.0 0.0 -0.24624580119132522 -0.2097334927388184 -0.047461531917456876 -0.3156997451170836 -0.26888909325489535 -0.06084811784289343 66.38002395629883 False
1731043338.9051878 -0.02591924018178458 -0.02175527572856768 0.0175345260618815 -0.19366241263136746 -0.1681995221644824 -0.04053636598533613 -0.31042853340188004 -0.268659910136843 -0.07030192146255201 70.1296329498291 False
1731043338.975495 -0.02591924018178458 -0.02175527572856768 0.0175345260618815 -0.16046824345813618 -0.13584771582452057 -0.02628597637028151 -0.31518408310146584 -0.26848802279830375 -0.06841116073862029 46.58102989196777 False
1731043339.02225 -0.02591924018178458 -0.02175527572856768 0.0175345260618815 -0.1283200923801872 -0.11052392546330993 -0.029069482664822423 -0.3119182236692202 -0.26820154390073836 -0.08433938744325718 53.68971824645996 False
1731043339.076113 -0.02591924018178458 -0.02175527572856768 0.0175345260618815 -0.10311046241532637 -0.09202270880613131 0.01599746080279152 -0.3084804768984352 -0.26951934682953926 -0.03970597520256605 49.301862716674805 False
1731043339.1256003 -0.02591924018178458 -0.02175527572856768 0.0175345260618815 -0.08979303158160395 -0.07558067795262285 0.009766081080821297 -0.313178730818508 -0.26825883968025144 -0.04812845479098915 51.21660232543945 False
1731043339.1769955 -0.02591924018178458 -0.02175527572856768 0.0175345260618815 -0.06814337711020899 -0.06418599654353274 -0.005820165027164488 -0.303438448301284 -0.2688317974753823 -0.07030192146255201 45.39823532104492 False
1731043339.222592 -0.02591924018178458 -0.02175527572856768 0.0175345260618815 -0.0564854594608848 -0.0555215985845435 0.004591370558809728 -0.3004017719870906 -0.2696912341680785 -0.06354101948000829 54.75616455078125 False
1731043339.2775264 -0.02591924018178458 -0.02175527572856768 0.0175345260618815 -0.04707944873827049 -0.048048316848208615 0.008600823178010825 -0.29696402521630566 -0.2696339383885654 -0.062051329212668156 47.99151420593262 False
1731043339.3256881 -0.02591924018178458 -0.02175527572856768 0.0175345260618815 -0.047206108614005454 -0.04253199205000883 0.03215184978622101 -0.3030946736242055 -0.2699777130656439 -0.03437746770784939 57.935237884521484 False
1731043339.3838022 -0.02591924018178458 -0.02175527572856768 0.0175345260618815 -0.05423196306021033 -0.03706730029888769 0.006545993848744004 -0.31810616785663304 -0.2688317974753823 -0.06308265324390364 48.98715019226074 False
1731043339.43298 -0.02591924018178458 -0.02175527572856768 0.0175345260618815 -0.049656720223704244 -0.033475201353316275 -0.0012707012009925142 -0.3202261116986171 -0.2685453185778169 -0.07620338675239949 47.57833480834961 False
1731043339.4807377 -0.02591924018178458 -0.02175527572856768 0.0175345260618815 -0.02704978919462246 -0.030181766387548298 0.019223247932234507 -0.29793805346802804 -0.2676285861056075 -0.05523313145061136 52.95848846435547 False
1731043339.533876 -0.02591924018178458 -0.02175527572856768 0.0175345260618815 -0.03194049983412164 -0.02823855702653218 -0.0009015638241734129 -0.30452706811203256 -0.26751399454658137 -0.08055786599539375 44.55733299255371 False
1731043339.5786238 -0.02591924018178458 -0.02175527572856768 0.0175345260618815 -0.038838912986325067 -0.02667816301691936 0.011064631270334807 -0.31506949154243974 -0.26734210720804213 -0.07041651302157818 48.42853546142578 False
1731043339.6272268 -0.02591924018178458 -0.02175527572856768 0.0175345260618815 -0.03608596638536654 -0.02622079772576486 0.010521616971586094 -0.31518408310146584 -0.2681442481212253 -0.0729375273201538 56.635379791259766 False
1731043339.684027 -0.02591924018178458 -0.02175527572856768 0.0175345260618815 -0.027994803869931754 -0.024836166514199627 0.02752744194644174 -0.30767833598525207 -0.2676285861056075 -0.053113187608627314 46.23293876647949 False
1731043339.7304556 -0.02591924018178458 -0.02175527572856768 0.0175345260618815 -0.03817456836734799 -0.023756154169178784 0.007989005739999252 -0.3213147315093657 -0.2671129240899898 -0.07534395005970325 54.17633056640625 False
1731043339.7848034 -0.02591924018178458 -0.02175527572856768 0.0175345260618815 -0.02198180234442236 -0.023405342328284725 0.014111183932631726 -0.3040114060964148 -0.2672275156490159 -0.07018732990352584 50.89688301086426 False
1731043339.8358672 -0.02591924018178458 -0.02175527572856768 0.0175345260618815 -0.037372518775208405 -0.024383048916953122 0.025768851957996497 -0.32263253443816653 -0.26894638903440843 -0.05620715970233377 52.39748954772949 False
1731043339.8884413 -0.02591924018178458 -0.02175527572856768 0.0175345260618815 -0.03453996252851373 -0.023715557399467905 0.017343075473860978 -0.322231463981575 -0.2688317974753823 -0.06468693507026994 54.11863327026367 False
1731043339.9427266 -0.02591924018178458 -0.02175527572856768 0.0175345260618815 -0.01932557262221248 -0.021988264899283915 -0.0009379956850582348 -0.3051573216866765 -0.26717021986950285 -0.0881782046706337 46.22673988342285 False
1731043339.989136 -0.02591924018178458 -0.02175527572856768 0.0175345260618815 -0.039993183934006145 -0.02135602807746369 0.006567143616824232 -0.32979450687730183 -0.2664253747358328 -0.08376642964812636 52.10423469543457 False
1731043340.0414128 -0.02591924018178458 -0.02175527572856768 0.0175345260618815 -0.022283054785910618 -0.021131027604565176 0.019571665555525232 -0.3110587869765239 -0.26602430427924123 -0.07018732990352584 48.63905906677246 False
1731043340.0902305 -0.02591924018178458 -0.02175527572856768 0.0175345260618815 -0.026524200090558607 -0.021268362191845726 0.0349440055060759 -0.31547056199903123 -0.26602430427924123 -0.049904623955894706 55.6793212890625 False
1731043340.1460865 -0.02591924018178458 -0.02175527572856768 0.0175345260618815 -0.025273841210123223 -0.0222692973303286 0.027851498342878225 -0.3140381675112042 -0.26717021986950285 -0.05408721586034971 53.5585880279541 False
1731043340.1998181 -0.02591924018178458 -0.02175527572856768 0.0175345260618815 -0.0334601564275255 -0.021843377621799807 0.015124138764331156 -0.32435140782355903 -0.2667691494129113 -0.06749442826641097 43.23887825012207 False
1731043340.2432227 -0.02591924018178458 -0.02175527572856768 0.0175345260618815 -0.029119712372250237 -0.022226211577470557 0.018648701407145914 -0.3209136610527741 -0.26728481142852906 -0.06365561103903446 52.69050598144531 False
1731043340.2960777 -0.02591924018178458 -0.02175527572856768 0.0175345260618815 -0.025466021761014312 -0.022077914982691717 0.014873016897591606 -0.31713213960491066 -0.2672275156490159 -0.06818197762056796 50.492286682128906 False
1731043340.3467336 -0.02591924018178458 -0.02175527572856768 0.0175345260618815 -0.01778954661806825 -0.02254322284302687 0.01112355023577558 -0.30716267396963437 -0.2679150650031729 -0.07373966823333694 50.40597915649414 False
1731043340.3973157 -0.02591924018178458 -0.02175527572856768 0.0175345260618815 -0.028382148682066042 -0.022146420937744837 0.010612264472650098 -0.3184499425337115 -0.2676285861056075 -0.07620338675239949 53.972721099853516 False
1731043340.4514546 -0.02591924018178458 -0.02175527572856768 0.0175345260618815 -0.01599727118665002 -0.022105059699746073 0.017944954064907558 -0.30326656096274474 -0.2676858818851206 -0.06875493541569878 44.54326629638672 False
1731043340.4961824 -0.02591924018178458 -0.02175527572856768 0.0175345260618815 -0.039229427843095806 -0.022385632890248468 0.01334089839420119 -0.3302528731134065 -0.2681442481212253 -0.0745418091465201 60.64772605895996 False
1731043340.5570138 -0.02591924018178458 -0.02175527572856768 0.0175345260618815 -0.027050209997425075 -0.022112882190618067 -0.003389333186889804 -0.3183926467541985 -0.267972360782686 -0.09717364205418762 46.30684852600098 False
1731043340.603493 -0.02591924018178458 -0.02175527572856768 0.0175345260618815 -0.034801033373600694 -0.022034208768966983 0.009213552583456441 -0.3286485912870402 -0.267972360782686 -0.08691769752134587 48.601388931274414 False
1731043340.6522582 -0.02591924018178458 -0.02175527572856768 0.0175345260618815 -0.02341729947913809 -0.021883462084038754 0.032585088014448385 -0.3165591818097799 -0.2678577692236599 -0.0593011317960402 55.118560791015625 False
1731043340.7076974 -0.02591924018178458 -0.02175527572856768 0.0175345260618815 -0.024950922010164783 -0.021899951793855288 0.01944200862043874 -0.31781968895906765 -0.2679150650031729 -0.07190620328891832 46.9663143157959 False
1731043340.7548392 -0.02591924018178458 -0.02175527572856768 0.0175345260618815 -0.011890811725920509 -0.021599978811370792 0.025636587244546375 -0.3008028424436822 -0.26757129032609445 -0.06342642792098213 51.301002502441406 False
1731043340.8063307 -0.02591924018178458 -0.02175527572856768 0.0175345260618815 -0.01747974563534202 -0.021187237052952085 0.030378977155309912 -0.3040114060964148 -0.2669983325309636 -0.05506124411207212 49.51214790344238 False
1731043340.8560255 -0.02591924018178458 -0.02175527572856768 0.0175345260618815 -0.015537724253842025 -0.02082060777336528 0.01673804657386624 -0.2991412648378028 -0.26636807895631975 -0.06892682275423803 53.975582122802734 False
1731043340.910175 -0.02591924018178458 -0.02175527572856768 0.0175345260618815 -0.02381021263269677 -0.021696595343812842 0.0158406950687447 -0.30681889929255585 -0.2672275156490159 -0.07030192146255201 47.7299690246582 False
1731043340.958072 -0.02591924018178458 -0.02175527572856768 0.0175345260618815 -0.0307096606484055 -0.02063692803597402 -0.011852426749453455 -0.31506949154243974 -0.265852416940702 -0.10628367099676772 55.7558536529541 False
1731043341.01401 -0.02591924018178458 -0.02175527572856768 0.0175345260618815 -0.02773406770088009 -0.019855078243879908 0.02352759095811236 -0.31260577302337716 -0.26453461401190104 -0.06921330165180345 49.79705810546875 False
1731043341.0639942 -0.02591924018178458 -0.02175527572856768 0.0175345260618815 -0.021793157852173756 -0.019245235406046536 0.008667832150819699 -0.30550109636375494 -0.2632168110831002 -0.08657392284426739 53.47037315368652 False
1731043341.1176353 -0.02591924018178458 -0.02175527572856768 0.0175345260618815 -0.022879658796768943 -0.020244351357203212 0.030103653508062333 -0.30573027948180725 -0.26378976887823097 -0.0615929629765635 46.69308662414551 False
1731043341.164519 -0.02591924018178458 -0.02175527572856768 0.0175345260618815 -0.03244181759749304 -0.02084489896702466 0.01272458394729577 -0.31713213960491066 -0.26413354355530955 -0.08032868287734142 53.911685943603516 False
1731043341.2186253 -0.02591924018178458 -0.02175527572856768 0.0175345260618815 -0.02050453418128919 -0.020419511942281254 0.02540235529775773 -0.30366763141933634 -0.26333140264212634 -0.06543178020394001 47.90210723876953 False
1731043341.2667103 -0.02591924018178458 -0.02175527572856768 0.0175345260618815 -0.024421902690630645 -0.020132400771001615 0.031090090397218856 -0.30716267396963437 -0.2625865575084563 -0.05592068080476834 56.870222091674805 False
1731043341.3237598 -0.02591924018178458 -0.02175527572856768 0.0175345260618815 -0.05849280149393868 -0.01932747485314084 0.02073389942011094 -0.3504209875020115 -0.26109686724111614 -0.06537448442442693 53.69710922241211 False
1731043341.3776386 -0.02591924018178458 -0.02175527572856768 0.0175345260618815 -0.012758536983828542 -0.02039787954197719 0.0028241146935218437 -0.30097472978222145 -0.26178441659527313 -0.08743335953696363 42.052268981933594 False
1731043341.4198637 -0.02591924018178458 -0.02175527572856768 0.0175345260618815 -0.04479223331655201 -0.02002614608272402 0.027824780000400423 -0.3383315780247511 -0.2609249799025769 -0.05953031491409253 49.98517036437988 False
1731043341.4700322 -0.02591924018178458 -0.02175527572856768 0.0175345260618815 -0.022361675246639665 -0.021970729385516787 0.02135999758002707 -0.31489760420390045 -0.2629303321855348 -0.06491611818832227 52.14643478393555 False
1731043341.5223525 -0.02591924018178458 -0.02175527572856768 0.0175345260618815 -0.03261876963265486 -0.020984824712563688 0.015825869503913598 -0.3270443094606739 -0.26172712081576005 -0.07093217503719591 50.595760345458984 False
1731043341.5731232 -0.02591924018178458 -0.02175527572856768 0.0175345260618815 -0.014430548353907011 -0.020305200483700686 0.03501656202317251 -0.3056156879227811 -0.2606385010050115 -0.04681065186218826 51.54848098754883 False
1731043341.6248477 -0.02591924018178458 -0.02175527572856768 0.0175345260618815 -0.027326304816727435 -0.02111581482579366 0.017763301705627225 -0.3189083087698162 -0.26126875457965537 -0.06399938571611295 48.091888427734375 False
1731043341.6731062 -0.02591924018178458 -0.02175527572856768 0.0175345260618815 -0.021028195722332665 -0.021479949764504954 0.015120909998831316 -0.3112306743150632 -0.26155523347722076 -0.06732254092787174 50.49562454223633 False
1731043341.7237802 -0.02591924018178458 -0.02175527572856768 0.0175345260618815 -0.024472833028482917 -0.02234495422096246 0.026601128997652386 -0.31426735062925654 -0.2625865575084563 -0.05328507494716656 52.95395851135254 False
1731043341.7769072 -0.02591924018178458 -0.02175527572856768 0.0175345260618815 -0.026399908090936612 -0.021321410792231522 0.0046297298667515125 -0.3163299986917275 -0.26144064191819466 -0.07889628838951436 46.46611213684082 False
1731043341.8235507 -0.02591924018178458 -0.02175527572856768 0.0175345260618815 -0.019456482823831944 -0.023338561523094242 0.009882083262771136 -0.3075637444262259 -0.2639043604372572 -0.07580231629580791 55.00459671020508 False
1731043341.8787315 -0.02591924018178458 -0.02175527572856768 0.0175345260618815 -0.018867207581672298 -0.0229902386482984 0.017867010509424203 -0.3049854343481372 -0.2639043604372572 -0.06772361138446331 47.10531234741211 False
1731043341.9260106 -0.02591924018178458 -0.02175527572856768 0.0175345260618815 -0.027479786620889273 -0.02258447468189705 0.025257212170338914 -0.3140381675112042 -0.26373247309871795 -0.058155216205778563 53.50089073181152 False
1731043341.9796991 -0.02591924018178458 -0.02175527572856768 0.0175345260618815 0.11261137757489231 0.0845875040882043 -0.28632714818561766 -0.1348742649737958 -0.12656637694439885 -0.45544415134949134 57.296037673950195 False
1731043342.0371685 -0.02591924018178458 -0.02175527572856768 0.0175345260618815 -0.18994238875857983 0.4063384305685516 -0.016403002607359933 -0.48369097064944094 0.3159289282351359 -0.1950921292420453 49.653053283691406 False
1731043342.0869956 -0.2784581076978625 0.12083537193535498 -0.20289866286264338 -0.049333730796850515 0.19135589686045307 -0.06306307707406801 -0.2784574884335801 0.12083679899309063 -0.20231139746069368 82.87215232849121 False
1731043342.170014 -0.2784581076978625 0.12083537193535498 -0.20289866286264338 -0.2264839416603723 0.39965244714211423 -0.18289548703182162 -0.44094831913268157 0.4077740627946069 -0.31650188603026674 24.40500259399414 False
1731043342.1946237 -0.2784581076978625 0.12083537193535498 -0.20289866286264338 -3.733625439528994 0.7364175176406063 -0.07145787052623308 -4.922624192645981 0.9181648666971443 -0.16799122553235737 51.822662353515625 False
1731043342.2466383 -7.266963109255273 0.5755171310368162 -0.3331086736988595 -6.33925659197533 0.4373889459765878 -0.20057087076455782 -7.266594532526178 0.5801770633494716 -0.25972176853280216 60.82916259765625 False
1731043342.3076155 -8.140020103660603 0.7468703958669058 -0.2591167266339665 -7.41615342910984 0.6414239987499188 -0.12965588151794483 -8.139323846069448 0.754470824628268 -0.15229218194577282 35.51602363586426 False
1731043342.3432922 -10.02458903156456 0.6971396038886861 -0.20625138482035066 -9.459931339142415 0.617392576968042 -0.0924758262480472 -10.023839330034239 0.7079466516636452 -0.08302158451445628 52.04010009765625 False
1731043342.3955045 -11.466718115395226 0.31085857008684203 -0.1942065721710518 -11.026736457866775 0.2451644667563852 -0.15239678508807972 -11.466547058173653 0.31718943538442373 -0.13115003930544541 49.429893493652344 False
1731043342.4450915 -15.314345534407291 -0.6145624848944087 -0.25959792206341403 -14.970589281890222 -0.6883885860993311 -0.40743421205929087 -15.313442990461512 -0.6371863639649885 -0.4278848814036988 58.077096939086914 False
1731043342.5034466 -14.996022618567881 -0.6996123504726061 -0.07294883493962241 -14.727704279366971 -0.7587876904521619 -0.2031717988418867 -14.994878456368774 -0.7242759488248736 -0.26035202210744607 43.250083923339844 False
1731043342.546863 -14.996022618567881 -0.6996123504726061 -0.07294883493962241 -14.715229181158845 -0.6734595500799692 -0.1767572821843988 -14.903205209147844 -0.6315713775727064 -0.2632168110831002 41.50390625 False
1731043342.588517 -14.996022618567881 -0.6996123504726061 -0.07294883493962241 -15.049617056312078 -0.6245564302576395 -0.11620046622149563 -15.252709464177645 -0.5614986392282068 -0.2148591731740587 51.19752883911133 False
1731043342.6398623 -14.996022618567881 -0.6996123504726061 -0.07294883493962241 -15.23375034396893 -0.5967802410569099 -0.10078593388081658 -15.503894161562998 -0.5047185217307423 -0.20729613027833185 59.3564510345459 False
1731043342.6993961 -14.996022618567881 -0.6996123504726061 -0.07294883493962241 -16.486195465030562 -0.6456367507362228 -0.12411294869906844 -17.176644444447437 -0.5383511443049215 -0.24505404897745311 48.211097717285156 False
1731043342.7477689 -18.281428383588235 0.14901232238425097 -0.035190002964863465 -17.742828248450806 0.07150778717545954 0.0975414810298201 -18.281364369239178 0.1569331400863325 0.014037465980705169 58.24542045593262 False
1731043342.8061764 -19.981465314971896 0.2063947400200397 -0.19273126487774841 -19.561301710044905 0.15007455137537057 -0.06906246080829445 -19.981330147392327 0.21961472287364456 -0.11768553111987108 57.446956634521484 False
1731043342.8637938 -22.96701032900141 0.2473634278772414 0.026318984067881832 -22.639211638316098 0.20973335027107692 0.14601320199621118 -22.966784034700996 0.268659910136843 0.13115003930544541 36.524295806884766 False
1731043342.9004612 -27.162442994235146 0.11663532849694219 -0.008795199640323463 -26.906889012813785 0.081949395524257 0.049477743823928076 -27.162382081105477 0.13109274352593236 0.05105053954615635 50.43601989746094 False
1731043342.951057 -31.12082189040977 0.09373406765145187 -0.0461053032282078 -30.921501190876743 0.06769362646862287 -0.0031915478058463947 -31.120775600325793 0.10949223464950032 0.010485127650894065 47.22738265991211 False
1731043342.9984548 -32.69793044445126 0.1256995450831248 -0.05232973330625557 -32.542427364919256 0.11155966134587543 -5.8447713632696784e-05 -32.69784193142338 0.14937009719060562 0.028361410858975748 52.02507972717285 False
1731043343.0506418 -35.160992019305816 0.21757895448639805 -0.06600112387332513 -35.03954167313278 0.22596356878196658 0.03137621137600491 -35.16070101379323 0.2661388958382674 0.08726147219842438 49.73173141479492 False
1731043343.1005569 -37.47301880308585 0.11554499831988964 0.041888242083268 -37.378444854585815 0.10764223360579998 0.06738565197883677 -37.47292949182318 0.14558857574274217 0.13046248995128845 52.370309829711914 False
1731043343.153077 -38.85471566834203 0.19609867609940784 0.08192218960810205 -38.78080678539534 0.2099592236238523 0.1559429425758652 -38.85444532744262 0.2518149509599968 0.23989742882127568 44.641971588134766 False
1731043343.19787 -41.414842381597445 0.19971766689463735 0.0254006859985407 -41.35716483231857 0.2190128302725367 0.09732556246333718 -41.414535347646165 0.2663107831768067 0.2015665523270236 51.21445655822754 False
1731043343.2492332 -42.88888617384596 0.1521748399982349 0.10879923564605988 -42.84399075410643 0.1585898781075214 0.13774749096466934 -42.88869845873826 0.20769720073492343 0.2501533733541174 51.61452293395996 False
1731043343.3010037 -43.72971084394781 0.05465122794084316 0.11886242169823019 -43.69481938619209 0.03271129308428147 0.07196428936619112 -43.72968591043128 0.07563042895726867 0.1711424934055769 47.2261905670166 False
1731043343.3483834 -43.83524446233285 0.04852074138347421 0.09900154558102385 -43.80803318711627 0.029664528339154058 0.05798042995644323 -43.83522473629438 0.06726524514835865 0.14558857574274217 51.85055732727051 False
1731043343.4003897 -43.83524446233285 0.04852074138347421 0.09900154558102385 -43.79310441631047 0.09789937050987733 0.12836541750559136 -43.808410311482255 0.1494273929701187 0.2242556810142042 47.38497734069824 False
1731043343.447932 -43.83524446233285 0.04852074138347421 0.09900154558102385 -43.51000861456723 -0.06254372764155486 0.049953325769657726 -43.433581321907674 -0.04234158106016783 0.13200947599814167 53.68447303771973 False
1731043343.5017998 -43.83524446233285 0.04852074138347421 0.09900154558102385 -43.50344114345635 -0.44434808035970474 -0.1817478475894698 -43.333428299318804 -0.5631602168340861 -0.17887742363984302 46.38838768005371 False
1731043343.5484366 -43.56107168213241 -0.9730367853764464 0.661665092846283 -43.68755341793058 -1.1686766780782663 -0.062249867147466 -43.553214909530986 -1.342669297109571 -0.26356058576017866 63.37690353393555 False
1731043343.6119778 -39.15608397548606 -3.4811197219576373 0.545629835973188 -39.193761000843885 -4.12892293618003 -1.505249202121747 -39.07004934575035 -4.485629282299702 -2.285012982761236 66.09487533569336 False
1731043343.6782222 -40.16833984163047 -5.041216004682824 0.6738043173319145 -40.11910812900234 -5.967184334526968 -2.026839906078475 -39.98151060624446 -6.585061235218065 -3.568323852295254 28.969526290893555 False
1731043343.7073333 -38.11415226537597 -6.566051709650843 0.5179457592659462 -37.99197149752629 -7.454627784847114 -2.278034028853369 -37.8199127325544 -8.323128706747417 -4.608127658898672 54.64339256286621 False
1731043343.7621303 -37.220633229992615 -7.176617827709147 0.5598584032582777 -37.08948353926159 -7.910000797574281 -1.8510071696980086 -36.88043383587839 -8.985353326359622 -4.86108852544893 51.30910873413086 False
1731043343.8135955 -36.3346622455946 -8.874855161224529 0.5423647375997045 -36.10544882576106 -9.67013142985711 -2.1592877759099265 -35.83174918345045 -10.969792649795227 -5.931373686753308 50.49562454223633 False
1731043343.864252 -35.95387887604434 -11.40726727325732 0.7671689629424093 -35.53031798349445 -12.41268575020026 -2.658208697439035 -35.13715244841335 -13.995926540558184 -7.396426768902824 55.37676811218262 False
1731043343.9197788 -36.50026093992214 -13.938649432660904 1.158696441977814 -35.84081834243644 -15.214922626684693 -3.0286245585384175 -35.26165617729528 -17.158137907664713 -8.947881886558067 59.07034873962402 False
1731043343.9790008 -35.60109381738362 -16.817930570229816 0.9868805578097839 -34.698787629640364 -18.09015138846505 -3.524636826693437 -33.86512884744341 -20.39219818228064 -10.716373417008866 44.710636138916016 False
1731043344.0238705 -36.42161871122966 -16.42923518973608 1.2519170959748929 -35.73994799761736 -17.516580506786564 -2.3328851613187 -34.71402311670924 -20.125314441308703 -10.535719824204117 55.40323257446289 False
1731043344.0794275 -36.50283729976826 -15.802766999656201 1.2405819568311742 -36.0655865341099 -16.57138856415703 -1.2487694449550273 -34.91633451416993 -19.39691319635889 -10.153728862190398 47.33133316040039 False
1731043344.126915 -35.53588978950309 -16.449583373754322 1.0316700485875607 -35.13898947672218 -16.970136344036817 -0.940941047767303 -33.877791214715806 -19.94248360888246 -10.402277953718148 63.86137008666992 False
1731043344.190926 -35.19983136647263 -16.595534492274552 0.8807721357230562 -34.88351539301773 -16.96208927479474 -0.6245848948495899 -33.5330998051651 -20.037823785992227 -10.51050968121836 50.14610290527344 False
1731043344.2412288 -35.19983136647263 -16.595534492274552 0.8807721357230562 -35.14724134281758 -16.505821821730482 -0.24764306311091888 -33.78199267136993 -19.55625275918477 -10.451838802996964 34.50632095336914 False
1731043344.2758858 -34.52372722457059 -15.103056884295015 0.1941742362842878 -34.53518477338055 -15.090180007126204 0.22750606048289324 -33.17316771826391 -18.13697900486621 -9.967288395654828 62.26539611816406 False
1731043344.3383 -33.050671916946406 -13.215198350353301 -0.24852749795615672 -33.347223238583624 -12.738464840223465 1.104141935041967 -32.068848863928764 -15.650800540234542 -8.709130373327053 51.73230171203613 False
1731043344.3903377 -31.489387885914645 -11.12545184629043 -0.786972717206147 -31.973850528380343 -10.305215914370578 1.6095297295079523 -30.832119463138884 -12.986203018199134 -7.527805991326321 43.160200119018555 False
1731043344.433662 -29.263991399177893 -10.47194894709203 -1.3425230188357877 -29.738515731190752 -9.54340830137231 1.2486907172668085 -28.730624862158052 -11.962499325638893 -7.157789847230835 55.38320541381836 False
1731043344.489201 -27.221335495677454 -10.840297483855354 -1.7746592630084428 -27.598215944660577 -9.976873618605557 0.4722291679279243 -26.69662468944363 -12.152434834724762 -7.300513633997924 56.54168128967285 False
1731043344.5459003 -23.78677086574396 -11.178701410162034 -2.4717880000446373 -24.116957699232167 -10.268000776144063 -0.21875990509761697 -23.30849606371702 -12.186697710873585 -7.3560332443461 48.36273193359375 False
1731043344.5944095 -21.24298812027705 -11.385083998447184 -3.0752028796045177 -21.53223673987536 -10.517155578860285 -0.930883055610977 -20.80535804834948 -12.191052190116578 -7.463348239374103 42.38724708557129 False
1731043344.636947 -18.919148175778847 -11.498034696444046 -3.5769286320490816 -19.179069292942177 -10.689777760781196 -1.5302190050151396 -18.52550168574442 -12.13570446710694 -7.485407114486641 51.58805847167969 False
1731043344.6886687 -17.397528681272643 -11.409625243162381 -3.924984831149981 -17.630847669768137 -10.696463943884481 -2.046520479672036 -17.04308798240244 -11.941242591439538 -7.471885310521553 52.34217643737793 False
1731043344.7411542 -15.705293801216994 -11.444197837599832 -4.339094697247252 -15.914100182122276 -10.809794539818725 -2.598080195207919 -15.385234602191405 -11.87563892389706 -7.532389653687368 46.50378227233887 False
1731043344.7878177 -12.517505905384544 -11.529581294597808 -4.994877378653966 -12.72990982360626 -10.911122282436342 -3.127967636631221 -12.260953041122537 -11.802529509238367 -7.5357128088991265 57.48462677001953 False
1731043344.8454497 -9.189711841962351 -10.704686710345452 -5.830923846965326 -9.42970590256072 -10.115394159625138 -3.735444236106523 -9.02843975255346 -10.84059066699323 -7.552156697619382 47.09219932556152 False
1731043344.8926933 -5.043048515706285 -8.279884379664887 -6.34135439108282 -5.314929557604791 -7.738978846730089 -3.9322252551310872 -4.990347804030444 -8.311612255065286 -7.069439755221662 50.95982551574707 False
1731043344.943814 -3.6021079122511965 -7.507614347770228 -6.834530388687029 -3.8311646486745627 -7.072419463272586 -4.755081555096737 -3.571188641270908 -7.522305596493064 -7.305784845713128 54.125070571899414 False
1731043344.9981096 -2.886252541148901 -7.127630582188316 -6.877745672591787 -3.0716218852175166 -6.783708063042033 -5.167768450701098 -2.86392953896142 -7.136590408810995 -7.236170473604732 56.26320838928223 False
1731043345.0545456 0.2661963017546424 -7.037450814107779 -7.194471939895819 0.10263201098742764 -6.762261234109563 -5.555679370021733 0.26419083933482257 -7.037526006032876 -7.161857847576264 60.524940490722656 False
1731043345.1152377 -0.1285228305480054 -7.2928751450139595 -7.244091710932264 -0.25372773417648364 -7.078182780154581 -6.003998102816801 -0.12748310941660818 -7.292893295322684 -7.260406588338766 42.7401065826416 False
1731043345.1581345 -0.03205420683927304 -7.23261701540674 -7.2858783538846525 -0.1303260757685563 -7.065143687072801 -6.309027472682135 -0.03179915762976069 -7.2326181352749215 -7.289913914788004 43.695926666259766 False
1731043345.2019866 -0.03205420683927304 -7.23261701540674 -7.2858783538846525 0.025812766536700706 -6.7821364220056655 -6.456943295224403 0.1406611387046171 -6.822552241299791 -7.204027541297894 62.975406646728516 False
1731043345.2651448 0.04073919510364992 -6.821290026084296 -7.275157472456479 -0.049067467505907646 -6.789767019326519 -6.688657563394836 0.04045082033623612 -6.821291734150503 -7.270318758194529 80.5819034576416 False
1731043345.345867 0.04073919510364992 -6.821290026084296 -7.275157472456479 -0.09156415800394944 -6.789059969741776 -6.805397598682841 -0.039362200525487556 -6.811494155853766 -7.2545624188284314 29.446840286254883 False
1731043345.375485 0.04073919510364992 -6.821290026084296 -7.275157472456479 0.08604980243086101 -6.617208987224232 -6.949234552379346 0.151031674796485 -6.582081854683384 -7.306472395067284 32.7916145324707 False
1731043345.4084473 0.39562636192571676 -5.066832097441205 -7.444889928143125 0.3437346289414356 -5.0943249885856865 -7.138990153731866 0.39408037149098024 -5.066952261239435 -7.40994857286791 95.49307823181152 False
1731043345.5040803 -0.4888566825329907 -0.3494342401698538 -7.214281384116198 -0.5281192701742852 -0.37079488838266966 -7.005259373344472 -0.48884759080561835 -0.3494469592502891 -7.217262866365415 56.885480880737305 False
1731043345.5611165 -0.41463959154446406 5.203639066259369 -7.3879676961472365 -0.44393855274895394 5.187093384372812 -7.193271719092016 -0.4129306829507843 5.203774582716676 -7.350360962174306 20.444154739379883 False
1731043345.5817251 -0.5962909558145664 9.246702908727139 -7.46399879020902 -0.6144331015053146 9.234075435424597 -7.26673048493204 -0.5885422471583817 9.247195038734409 -7.368179949602873 21.150588989257812 False
1731043345.6030424 -0.5675692235765323 11.385731611792021 -7.62484368561156 -0.5790515611616479 11.375922687451732 -7.45831473612453 -0.5563993148515424 11.386275671075824 -7.512794497093893 52.899837493896484 False
1731043345.6561089 -0.39634686928738977 13.192220511373852 -7.651951035796587 -0.40585698188118335 13.184382779051539 -7.538901823869557 -0.3858870750206094 13.192525120225746 -7.561495909680014 61.65266036987305 False
1731043345.717921 -0.4860500934358452 14.819158188086517 -7.780295995084882 -0.4890160443808283 14.813204786105013 -7.6657035190622445 -0.4698826877867881 14.81966796261777 -7.655976650097085 56.94437026977539 False
1731043345.7750132 -1.3231853739564186 16.90367581520736 -7.655803046441402 -1.2935106848281959 16.90195064771991 -7.363248547897907 -1.266007544121067 16.90792723853108 -7.271006307548685 52.76322364807129 False
1731043345.8279235 -1.171107451095914 18.89603271987618 -7.940751280799351 -1.1433250006873705 18.89423178650065 -7.716836348090641 -1.107985784223986 18.89970042174436 -7.561438613900501 48.99740219116211 False
1731043345.877073 -0.8937632825784548 18.820795236538913 -8.045117188678887 -0.8840508149270152 18.818190196761993 -7.941408756660931 -0.8459721845106605 18.82292407719683 -7.756759926260598 50.40335655212402 False
1731043345.9276266 -0.8937632825784548 18.820795236538913 -8.045117188678887 -0.8439101480232187 18.334137267741824 -7.904115609417706 -0.7917703770912846 18.201608644156966 -7.679697102815502 33.76054763793945 False
1731043345.961559 -0.7028965432864483 17.218855473778323 -7.844120369367642 -0.7189919774306801 17.323178753975736 -7.856862337095296 -0.6713919443342986 17.220074645318352 -7.636037718826533 67.05379486083984 False
1731043346.028757 -0.9402357609343415 16.106709232962256 -8.01046650264214 -0.9485735958672722 16.18873448659289 -7.9792322368116455 -0.9033252598032558 16.108765705882607 -7.749597953821462 65.34457206726074 False
1731043346.0942523 -0.7552449685490206 14.528198717960999 -7.997622601053616 -0.7717010295485232 14.591517250916944 -8.028952020541528 -0.7310941465869305 14.529407543604492 -7.808154240483834 51.94854736328125 False
1731043346.146348 -0.7313328554509195 13.21778486827811 -7.946392680252009 -0.7478933347683021 13.26704087148225 -7.9881754674196115 -0.7119573562295609 13.21882388302225 -7.779162576050213 47.29652404785156 False
1731043346.19379 -0.8859112138325094 11.805225810225757 -7.822166139520316 -0.8993243961891609 11.843904986723828 -7.843814736829013 -0.8671716229305009 11.806597509583796 -7.640907860085146 43.00737380981445 False
1731043346.2369356 -1.3476116347143545 10.247611786925964 -7.757164495271675 -1.3559201599065391 10.278876162231532 -7.728398517194837 -1.3261108168302902 10.250386842228966 -7.517378159454939 56.23269081115723 False
1731043346.2934253 -0.6633379240886419 7.589698347240604 -7.729211714752733 -0.6820561961388388 7.612312160263467 -7.825466875645377 -0.6575263656921327 7.590201095216068 -7.641595409439302 48.35033416748047 False
1731043346.3419125 -1.0608822061503422 5.7720252591807215 -7.568564109542469 -1.075819576249708 5.790038546456466 -7.628753516043358 -1.0555028501900026 5.773008152179148 -7.461858549106762 50.57954788208008 False
1731043346.3926501 -0.9269434355128405 5.146038081633332 -7.584369769282572 -0.9398759804689455 5.1598443148265245 -7.649691608165865 -0.9232068952942954 5.146707986321646 -7.501220749632251 39.37101364135742 False
1731043346.432172 -0.9269434355128405 5.146038081633332 -7.584369769282572 -1.0228369799773944 5.40810279472163 -7.616059108454832 -1.0332147919594135 5.468882154523707 -7.476526268662112 54.53300476074219 False
1731043346.4868731 -1.0803871199935433 5.578420091301075 -7.583623573215186 -1.0683009904677772 5.531780975740082 -7.610532156190837 -1.0752698941220158 5.5794057132044435 -7.478588916724584 63.91716003417969 False
1731043346.5509317 -1.0803871199935433 5.578420091301075 -7.583623573215186 -0.36359541241965354 5.280869083493427 -7.638130298951347 -0.16839229598894895 5.244569177729991 -7.521560751359395 30.675411224365234 False
1731043346.581766 -0.5292099922689621 5.430492898584268 -7.474070899463531 -0.679615689360899 5.458986433171056 -7.525928955305619 -0.5268346926227919 5.430723165367994 -7.423986038848615 99.53570365905762 False
1731043346.6814528 -0.5292099922689621 5.430492898584268 -7.474070899463531 -0.4799194765013516 5.425277760837558 -7.554339603866362 -0.313236026598021 5.395543556746962 -7.475036578394772 28.046846389770508 False
1731043346.7096677 -0.5292099922689621 5.430492898584268 -7.474070899463531 -0.21225089758831325 5.23054571788928 -7.623201699624854 0.04383127132750798 5.144416155141123 -7.585961207532099 22.978782653808594 False
1731043346.732831 -0.5292099922689621 5.430492898584268 -7.474070899463531 -0.5333671310317046 5.351491496852969 -7.480006874779458 -0.2784574884335801 5.24307948746265 -7.444440632134786 55.66263198852539 False
1731043346.7886493 -0.5292099922689621 5.430492898584268 -7.474070899463531 -0.6939200885808992 5.392915406148725 -7.461271584082075 -0.4854671398143465 5.273904616840689 -7.422095278124684 50.20499229431152 False
1731043346.8390274 -0.5292099922689621 5.430492898584268 -7.474070899463531 -0.5821118801301078 5.38281457348824 -7.509403811398483 -0.3885799766577243 5.250356051460812 -7.48019319855095 47.82414436340332 False
1731043346.887022 -0.5292099922689621 5.430492898584268 -7.474070899463531 -0.5643508378018879 5.395404268286316 -7.507038146443239 -0.380730454864432 5.2530489530979265 -7.487125987872033 53.95364761352539 False
1731043346.9411502 -0.5292099922689621 5.430492898584268 -7.474070899463531 -0.5720828367596349 5.4022746434994815 -7.477708142345723 -0.4005547945759585 5.251960333287178 -7.458821872792569 46.43750190734863 False
1731043346.9877632 -0.5292099922689621 5.430492898584268 -7.474070899463531 -0.5677008609779699 5.408840185282297 -7.486605832552025 -0.4070292176609368 5.252418699523283 -7.471255056946908 55.99331855773926 False
1731043347.0439293 -0.5292099922689621 5.430492898584268 -7.474070899463531 -0.5357255574433607 5.414363524245075 -7.4786193344341925 -0.3768916376370555 5.253392727775005 -7.464551450743879 53.414344787597656 False
1731043347.0977063 -0.5292099922689621 5.430492898584268 -7.474070899463531 -0.5422917698406096 5.417777914475637 -7.491472798226911 -0.38714758216989725 5.253220840436466 -7.482313142392934 44.37899589538574 False
1731043347.142269 -0.5292099922689621 5.430492898584268 -7.474070899463531 -0.5593011438438381 5.420172994607353 -7.47329866322448 -0.4126442040532189 5.252705178420848 -7.463921197169234 49.38340187072754 False
1731043347.191822 -0.5292099922689621 5.430492898584268 -7.474070899463531 -0.54275975331688 5.422353992066235 -7.482406696801113 -0.39992454100131464 5.252590586861822 -7.475380353071851 53.99489402770996 False
1731043347.245992 -0.5292099922689621 5.430492898584268 -7.474070899463531 -0.5526497297961569 5.424859602828525 -7.4898684886550475 -0.4164257255010823 5.253507319334031 -7.487297875210571 49.60942268371582 False
1731043347.2957835 -0.5292099922689621 5.430492898584268 -7.474070899463531 -0.5307339720325975 5.425517948690526 -7.493096625235945 -0.39493980818367647 5.252762474200361 -7.4958922421375345 50.359487533569336 False
1731043347.3463376 -0.5292099922689621 5.430492898584268 -7.474070899463531 -0.531784108433224 5.42652305625111 -7.467772260672458 -0.396715977348582 5.252647882641335 -7.468791338427846 56.437015533447266 False
1731043347.4029543 -0.5292099922689621 5.430492898584268 -7.474070899463531 -0.5239779081778134 5.425698174659637 -7.494363520529889 -0.38743406106746264 5.250470643019837 -7.501106158073225 45.212745666503906 False
1731043347.448334 -0.5292099922689621 5.430492898584268 -7.474070899463531 -0.5212855657881287 5.427065848879198 -7.482391104947895 -0.38250662402933755 5.25087171347643 -7.491480467115027 54.18848991394043 False
1731043347.5026984 -0.5292099922689621 5.430492898584268 -7.474070899463531 -0.5385813060049431 5.427685727690252 -7.478236742924284 -0.40244555529989023 5.2506998261378905 -7.488501086580347 51.70011520385742 False
1731043347.5545933 -0.5292099922689621 5.430492898584268 -7.474070899463531 -0.5258832284742189 5.427901088914755 -7.453231965740028 -0.3888091597757767 5.250184164122273 -7.457618661422795 49.96442794799805 False
1731043347.6047351 -0.5292099922689621 5.430492898584268 -7.474070899463531 -0.5428825342284167 5.427756235713725 -7.4926752834149575 -0.4096648235185386 5.249267431650064 -7.502309369442999 51.57613754272461 False
1731043347.6564925 -0.5292099922689621 5.430492898584268 -7.474070899463531 -0.5523879732429938 5.426525982516416 -7.456136864922976 -0.42570764178220166 5.246918304690027 -7.4607126335165015 53.5581111907959 False
1731043347.7102253 -0.5292099922689621 5.430492898584268 -7.474070899463531 -0.5304404205050899 5.427979683255606 -7.492259662296446 -0.40410713290576966 5.247663149823697 -7.50196559476592 45.49551010131836 False
1731043347.7559078 -0.5292099922689621 5.430492898584268 -7.474070899463531 -0.5374096209924148 5.426074601686801 -7.468594222944315 -0.41338904918688896 5.244511881950477 -7.476755451780164 55.730581283569336 False
1731043347.8118212 -0.5292099922689621 5.430492898584268 -7.474070899463531 -0.5853911514077628 5.42619750355186 -7.445800181571693 -0.47721654756446263 5.2434232621397285 -7.445987618181639 51.603078842163086 False
1731043347.8636074 -0.5292099922689621 5.430492898584268 -7.474070899463531 -0.5027328126814454 5.4256676970943225 -7.4726221559052135 -0.3870902863903842 5.241532501415796 -7.472400972537171 48.616886138916016 False
1731043347.9124014 -0.5292099922689621 5.430492898584268 -7.474070899463531 -0.5308137647847608 5.426684550714092 -7.468382427269983 -0.41562358458789916 5.241475205636284 -7.466556803026835 54.24356460571289 False
1731043347.9674988 -0.5292099922689621 5.430492898584268 -7.474070899463531 -0.49019460690508115 5.428952489902176 -7.497833727913314 -0.364000087246612 5.243308670580703 -7.502710439899591 45.060157775878906 False
1731043348.0127406 -0.5292099922689621 5.430492898584268 -7.474070899463531 -0.571221629385886 5.431034317425025 -7.469903025980098 -0.45687654583731846 5.245543205981712 -7.473604183906945 60.18972396850586 False
1731043348.0731146 -0.5292099922689621 5.430492898584268 -7.474070899463531 -0.5058475399467863 5.4303342260757965 -7.484763459048757 -0.38491304676888705 5.244798360848042 -7.491480467115027 47.7750301361084 False
1731043348.1210606 -0.5292099922689621 5.430492898584268 -7.474070899463531 -0.5416004144515049 5.430458515443701 -7.464266668483804 -0.42416065573534845 5.244912952407069 -7.468218380632715 47.774314880371094 False
1731043348.1690035 -0.5292099922689621 5.430492898584268 -7.474070899463531 -0.49655242107621206 5.428946595661939 -7.470758597977305 -0.36990155253645945 5.242964895903625 -7.473776071245484 58.118343353271484 False
1731043348.2274203 -0.5292099922689621 5.430492898584268 -7.474070899463531 -0.5330988819078913 5.4294655451369325 -7.480604208740397 -0.40754487967655456 5.243194079021676 -7.485464410266154 44.558048248291016 False
1731043348.2721567 -0.5292099922689621 5.430492898584268 -7.474070899463531 -0.5233051845832861 5.429334037231185 -7.465089307673122 -0.3960857237739381 5.242735712785572 -7.467416239719532 50.13275146484375 False
1731043348.3224938 -0.5292099922689621 5.430492898584268 -7.474070899463531 -0.544312844511045 5.429499605312823 -7.483287984878347 -0.4213531625392074 5.242621121226546 -7.488214607682782 53.34186553955078 False
