1731043259.1839426 0.0 0.0 0.0 0.010756709645786075 0.096005954067711 0.10052315332452241 0.05975949803214487 0.5333664114872834 0.5584619629140134 62.99853324890137
1731043259.2470431 0.03182676434981243 -0.041910044871370594 0.06505307207340524 0.029003599092449043 -0.017023285620461775 0.07263402257483949 0.0651453013063746 0.5337101861643618 0.565108273337531 77.03256607055664
1731043259.3241625 0.03182676434981243 -0.041910044871370594 0.06505307207340524 0.033185291100023245 -0.03717259719839815 0.06858342362925793 0.0755158373982425 0.5351425806521889 0.5771403870352783 45.93849182128906
1731043259.370186 0.03182676434981243 -0.041910044871370594 0.06505307207340524 0.03180315491672915 -0.04117074993367145 0.06589480015970581 0.07402614713090236 0.534512327077545 0.5782863026255398 52.71506309509277
1731043259.4229865 0.03182676434981243 -0.041910044871370594 0.06505307207340524 0.031616249845610345 -0.04177697178258475 0.06550366709799765 0.07288023154064072 0.534512327077545 0.5799478802314193 48.15483093261719
1731043259.471228 0.03182676434981243 -0.041910044871370594 0.06505307207340524 0.03263455744466915 -0.041865465234764435 0.06813533210872713 0.07757848546071346 0.5346269186365712 0.5966209520697262 53.48491668701172
1731043259.5247939 0.03182676434981243 -0.041910044871370594 0.06505307207340524 0.030806770951590547 -0.04167512924990969 0.060482198444522836 0.07110406237573516 0.535887425785859 0.5681449496517242 47.44887351989746
1731043259.5723293 0.03182676434981243 -0.041910044871370594 0.06505307207340524 0.036108798593382126 -0.04190901302075706 0.06683956461923218 0.0959131349048998 0.5356582426678066 0.5826407818685341 50.801992416381836
1731043259.6232276 0.03182676434981243 -0.041910044871370594 0.06505307207340524 0.030256424962750432 -0.04190985913826016 0.0644155093826051 0.08290699295543012 0.5356582426678066 0.5773122743738175 53.04217338562012
1731043259.6763554 0.03182676434981243 -0.041910044871370594 0.06505307207340524 0.02922362418986144 -0.0420750232844084 0.05896694464820778 0.0700154425649866 0.5347415101955972 0.5441380180357428 45.42803764343262
1731043259.7218683 0.03182676434981243 -0.041910044871370594 0.06505307207340524 0.03169853605132896 -0.041888174784155616 0.06454542383467392 0.07190620328891832 0.5350279890931627 0.5474038774679885 54.85820770263672
1731043259.7768118 0.03182676434981243 -0.041910044871370594 0.06505307207340524 0.03148397280640241 -0.0418854817750472 0.07179937371752486 0.07013003412401277 0.5351425806521889 0.5853909792851621 46.105384826660156
1731043259.8229992 0.03182676434981243 -0.041910044871370594 0.06505307207340524 0.03218790472480517 -0.04178186463028413 0.06120360537598056 0.07247916108404914 0.5358301300063458 0.5572587515442387 52.745819091796875
1731043259.8758264 0.03182676434981243 -0.041910044871370594 0.06505307207340524 0.033696586671973214 -0.04191791214891209 0.06395795169568697 0.08250592249883855 0.5356582426678066 0.5550242161432284 52.19602584838867
1731043259.9280944 0.03182676434981243 -0.041910044871370594 0.06505307207340524 0.026697315002253315 -0.04179801533789216 0.06769209149131354 0.05213915935690491 0.5362884962424506 0.5707805555093262 49.53479766845703
1731043259.9777133 0.03182676434981243 -0.041910044871370594 0.06505307207340524 0.029686501110393924 -0.04174549419097151 0.06604375758424648 0.0453782573743612 0.5370906371556338 0.5736453444849802 59.175968170166016
1731043260.0369742 0.03182676434981243 -0.041910044871370594 0.06505307207340524 0.036855968130703375 -0.04151946233796634 0.061910532084778425 0.07545854161872942 0.5390959894385916 0.5551961034817677 45.03130912780762
1731043260.0820863 0.03182676434981243 -0.041910044871370594 0.06505307207340524 0.02905019423886213 -0.0416437884494231 0.06859208451976963 0.05500394833255903 0.5401846092493402 0.5779998237279744 51.19180679321289
1731043260.1333613 0.03182676434981243 -0.041910044871370594 0.06505307207340524 0.030687560830475375 -0.042171515924790695 0.06599949152312148 0.05145161000274793 0.5384657358639476 0.579718697113367 49.22151565551758
1731043260.1826708 0.03182676434981243 -0.041910044871370594 0.06505307207340524 0.03312744080193556 -0.04206024206410976 0.06429523594624224 0.05981679381165794 0.5378927780688169 0.5745620769571895 49.86405372619629
1731043260.2326195 0.03182676434981243 -0.041910044871370594 0.06505307207340524 0.029905418885912437 -0.041854574443564815 0.06820658523015709 0.04784197589342374 0.5383511443049215 0.5928394306218628 48.944711685180664
1731043260.2816455 0.03182676434981243 -0.041910044871370594 0.06505307207340524 0.03279070368597949 -0.04195162639592733 0.06266080447197474 0.055118539891585196 0.5380646654073561 0.5763955419016081 54.741859436035156
1731043260.3364708 0.03182676434981243 -0.041910044871370594 0.06505307207340524 0.03108239504252292 -0.04207222815047613 0.05840357999679781 0.05001921551492087 0.5372052287146599 0.5418461868552196 48.058271408081055
1731043260.384616 0.03182676434981243 -0.041910044871370594 0.06505307207340524 0.031238995300756706 -0.041990804063171364 0.06514531853866026 0.047498201216345244 0.5369187498170945 0.5490081592943549 53.74574661254883
1731043260.4384444 0.03182676434981243 -0.041910044871370594 0.06505307207340524 0.03266978402971905 -0.04165643727777351 0.06582254297995306 0.05276941293154882 0.5384084400844347 0.5531907511988099 49.729347229003906
1731043260.4882596 0.03182676434981243 -0.041910044871370594 0.06505307207340524 0.03247354342718865 -0.042019094109208455 0.06698608065093357 0.05551961034817677 0.5375490033917384 0.5631602168340861 58.93850326538086
1731043260.5472925 0.03182676434981243 -0.041910044871370594 0.06505307207340524 0.030499330940010477 -0.041919360493869046 0.06726771011389657 0.047498201216345244 0.5376062991712515 0.573530752925954 42.56796836853027
1731043260.589942 0.03182676434981243 -0.041910044871370594 0.06505307207340524 0.03407331725132559 -0.042056107047793286 0.0654723334013184 0.06130648407899809 0.5368041582580683 0.5736453444849802 51.898956298828125
1731043260.641931 0.03182676434981243 -0.041910044871370594 0.06505307207340524 0.030281941453049736 -0.04185383014062785 0.061714856569040175 0.05047758175102552 0.5372625244941729 0.55468044146615 57.9829216003418
1731043260.6999948 0.03182676434981243 -0.041910044871370594 0.06505307207340524 0.032476887856507076 -0.0422196366695199 0.06654578106602756 0.05563420190720293 0.5354863553292674 0.5663114847073057 45.59755325317383
1731043260.745675 0.03182676434981243 -0.041910044871370594 0.06505307207340524 0.031067161154467303 -0.042233915643158704 0.06402229141272053 0.05076406064859094 0.5339966650619272 0.5590922164886573 52.17742919921875
1731043260.7979367 0.03182676434981243 -0.041910044871370594 0.06505307207340524 0.03183442113902328 -0.042308678540600164 0.06719832386507418 0.05156620156177409 0.5321059043379955 0.5720410626586139 45.259714126586914
1731043260.843275 0.03182676434981243 -0.041910044871370594 0.06505307207340524 0.03542746344088221 -0.04219837697839138 0.06279902787594283 0.07156242861183981 0.5309026929682208 0.5573733431032649 53.2679557800293
1731043260.8966262 0.03182676434981243 -0.041910044871370594 0.06505307207340524 0.0287518104334449 -0.04183818576688608 0.06713283503313952 0.0508786522076171 0.5315902423223777 0.5711816259659177 52.66547203063965
1731043260.9493737 0.03182676434981243 -0.041910044871370594 0.06505307207340524 0.03159298309454927 -0.04188679699225102 0.06581933253802691 0.052654821372522656 0.5316475381018909 0.5733588655874148 51.03445053100586
1731043261.0004964 0.03182676434981243 -0.041910044871370594 0.06505307207340524 0.030124252033575938 -0.04195742645469087 0.06139572652209058 0.043430200870916404 0.5313610592043254 0.5522740187266005 54.29530143737793
1731043261.0548725 0.03182676434981243 -0.041910044871370594 0.06505307207340524 0.035037127079402854 -0.042001079478867075 0.06324998019949722 0.06296806168487747 0.5309026929682208 0.5459141872006483 47.091007232666016
1731043261.10205 0.03182676434981243 -0.041910044871370594 0.06505307207340524 0.04349136297692014 -0.06843145870347185 0.06575983956733729 0.12456102466144098 0.3836525396195992 0.5516437651519566 50.22883415222168
1731043261.1528141 0.03182676434981243 -0.041910044871370594 0.06505307207340524 0.03145121442772666 -0.03925836633625335 0.059177984360522524 0.11081003757830121 0.4249055008690185 0.5182976214753428 58.43329429626465
1731043261.2113314 0.03182676434981243 -0.041910044871370594 0.06505307207340524 0.008152158288856815 -0.042794090456280326 0.07630956521803803 -0.020340001727144227 0.4173424579732916 0.586708782213963 46.50235176086426
1731043261.2579181 0.03182676434981243 -0.041910044871370594 0.06505307207340524 0.049367525279158504 -0.056012673978958066 0.060571586202343236 0.1007832761635118 0.3398785640716043 0.550555145341208 53.34353446960449
1731043261.3113425 0.03182676434981243 -0.041910044871370594 0.06505307207340524 -0.0012566251405201042 -0.4979835740868518 0.10290042930731995 -0.10055409304545948 -2.179760635795704 0.7652997269562406 57.25884437561035
1731043261.368685 0.5159984792467794 -3.8069214327322944 0.6191407193401423 0.5336670746520685 -3.5042292695276167 0.5060757088042054 0.5148598747045577 -3.807075365526268 0.6534010695671908 80.09886741638184
1731043261.4488647 -0.19456171245190326 -1.8355743123845363 0.7604164411459898 -0.191158445840141 -1.7810639187624737 0.7327760990339008 -0.1944618756674014 -1.8355848882606185 0.7541843457307026 25.49290657043457
1731043261.4744377 0.05267849963102843 -1.717955927243233 0.5916039300518301 0.053268854913404266 -1.708142283355432 0.5880347151908859 0.052654821372522656 -1.7179566529202603 0.5931832052989412 44.344186782836914
1731043261.5188658 0.05267849963102843 -1.717955927243233 0.5916039300518301 0.09030433183820291 -1.7246153886786229 0.5872177651434755 0.26109686724111614 -1.7647673047824486 0.5723848373356925 51.73635482788086
1731043261.570685 0.05267849963102843 -1.717955927243233 0.5916039300518301 -0.04840471775828684 -1.5313917771748713 0.5823988162734449 -0.3381023949066988 -0.7216403429672719 0.5256314812530172 52.20651626586914
1731043261.622974 0.8332674441900152 1.8104698717465055 0.5880554301091694 0.8853381473029163 1.6647490570258037 0.5935345810155226 0.8328514510021646 1.8106612241724274 0.5617278223462591 75.76274871826172
1731043261.6988091 0.36976131512753835 5.667982315396629 0.41060363590051807 0.37888351302465945 5.64173923291917 0.4097553439982569 0.36795349603301464 5.668099579890695 0.3740841444409145 41.30673408508301
1731043261.7401993 -0.5911585074468709 8.322634607612786 0.5548807707279372 -0.5880704433967685 8.317968369761834 0.5767044481287322 -0.5849326130490574 8.323071410967904 0.6404522233972342 32.973289489746094
1731043261.773255 -0.3464523156662606 10.368116119937085 0.49146862925412904 -0.3459988616868082 10.367230951095358 0.4912174572992771 -0.3407952965438137 10.368301556466891 0.5538210047734536 50.42624473571777
1731043261.8237636 0.3489527419628936 13.3417139179285 0.3568048960795962 0.3463208687748484 13.341564156109749 0.3310418210260921 0.33953478939452586 13.341952513195864 0.27628024881208296 69.43917274475098
1731043261.89329 0.026995669906181543 15.512429593787967 0.30802276513204374 0.02804015471333602 15.512359984518515 0.3165802620466603 0.026012283898939375 15.512431232710448 0.3008028424436822 35.553693771362305
1731043261.928925 -0.2910919219175038 17.47631873781971 0.2707942520686599 -0.28830832177943316 17.47634404013302 0.2893696006576795 -0.2776553475203969 17.476530554418908 0.35821321351579066 50.11606216430664
1731043261.979127 0.17840853071848406 19.73085932187918 0.27193920496679147 0.17460556717804238 19.730841637735097 0.24870572071246005 0.1679339297528443 19.73094759092016 0.2117079053008392 62.2711181640625
1731043262.0414808 -0.06622097505662398 21.81598510018113 0.13169338392177604 -0.06416641166505274 21.81596840514775 0.14278270116205208 -0.06147837141753733 21.815998303180738 0.15630288651168858 42.151689529418945
1731043262.0837243 -0.46572001333520535 23.679133831882698 0.03881669965845511 -0.4591460190645904 23.67925376243131 0.07005085366830131 -0.4265097826953848 23.67983001074131 0.22585996284057053 52.41751670837402
1731043262.136227 -0.29339278847325545 24.75796550011982 0.08723394928067461 -0.29441317654697635 24.757913196495032 0.08130485098454986 -0.2664253747358328 24.758251172736543 0.2101036234744729 51.11265182495117
1731043262.187419 -0.30400073654873455 25.39810444043989 -0.06959768753675005 -0.3037497691130848 25.39809985053976 -0.06931153485691273 -0.2746186712062036 25.39841691723621 0.06079082206338035 60.08577346801758
1731043262.2475986 -0.5456424923473177 26.38739625630894 -0.01120715164676789 -0.5406526944527381 26.38752538262767 0.009026262544973972 -0.4887902950261053 26.38843069144276 0.23130306189431332 66.46251678466797
1731043262.3141427 -0.19250801497239622 26.648194704330777 0.02893687636920507 -0.19816246483216032 26.648055084481058 0.004468654248324969 -0.17205922587778621 26.6483243473141 0.11527910838032163 48.62403869628906
1731043262.3628542 -0.7055591507949709 27.729711744361634 -0.07655281011636528 -0.695671406068331 27.729985353688203 -0.037402808106691866 -0.6245239966925973 27.731501059008924 0.25175765518048376 50.45771598815918
1731043262.413397 -0.6587658171885324 28.731664042142047 -0.043670452295324576 -0.65697259261139 28.73167857184157 -0.03871606418548706 -0.5776560490508961 28.733260468015654 0.2730143893798373 52.11830139160156
1731043262.4656005 0.3656454904919351 29.8329505236826 0.1676912371579988 0.3426464227316942 29.83275641282906 0.07883764923033666 0.31718943538442373 29.833454026225862 -0.014209353319244417 46.16594314575195
1731043262.5118442 -0.7797901630637136 31.31626154390397 -0.21888278241647277 -0.754757721101486 31.316560122447033 -0.1291761371461805 -0.6661780283986082 31.31861792698447 0.18644046653556987 50.64749717712402
1731043262.562584 -1.0876873145329666 32.48558151995634 -0.25988162880193255 -1.0729938597252884 32.486053119552004 -0.21153067087205912 -0.9174773173429872 32.49025932224749 0.32435140782355903 50.89449882507324
1731043262.613561 -0.5721202798066821 32.951561660438124 -0.1527204383347796 -0.5835462476475146 32.95103922536058 -0.19316311089575713 -0.48008133654011675 32.952865446036114 0.15848012613318568 47.91522026062012
1731043262.6615624 -0.44045486241052506 33.00228320501129 -0.08429161796220987 -0.4462861314697137 33.00209368718778 -0.1044041487058661 -0.3693858905208417 33.003056548889575 0.1556153371575316 52.19459533691406
1731043262.7138407 -0.44045486241052506 33.00228320501129 -0.08429161796220987 -0.41458693362593296 33.032054356305764 -0.08815939126356451 -0.21984390599169687 33.16864135168238 0.1542402384492176 29.02841567993164
1731043262.742954 -0.44045486241052506 33.00228320501129 -0.08429161796220987 -0.46345874574703405 33.049080611819335 -0.08394617988490587 -0.37351118664578364 33.39885579376595 0.16002711218003893 52.79231071472168
1731043262.7958295 -0.44045486241052506 33.00228320501129 -0.08429161796220987 -0.4448224526979685 33.019885522114734 -0.08080544332459336 -0.37477169379507147 33.449849037532594 0.17904931097838228 47.41501808166504
1731043262.843329 -0.44045486241052506 33.00228320501129 -0.08429161796220987 -0.4594851507748205 33.012351179858875 -0.08237495148839455 -0.4761279277537141 33.488179914026844 0.18621128341751755 53.48801612854004
1731043262.896902 -0.44045486241052506 33.00228320501129 -0.08429161796220987 -0.4337320858487411 32.97542463241551 -0.07883125080199513 -0.4197488807128411 33.32889764698047 0.2146299900560064 47.55353927612305
1731043262.9445386 -0.44045486241052506 33.00228320501129 -0.08429161796220987 -0.4862009457715554 32.94335571650575 -0.05267842814567742 -0.6806165648359049 33.028381283434356 0.3847984552098609 57.15775489807129
1731043263.0017805 -0.4425327785822522 32.85783499279214 0.01732757210240216 -0.394794370152422 32.84267059201509 -0.018199841156616926 -0.3717350174808781 32.85861388873709 0.25742993735227887 66.6196346282959
1731043263.068484 -0.4425327785822522 32.85783499279214 0.01732757210240216 -0.4256583330940619 32.83965616666437 0.005353174706794771 -0.325726506531873 32.7727848110265 0.22643292063570133 31.235933303833008
1731043263.0999446 -0.4425327785822522 32.85783499279214 0.01732757210240216 -0.48905049809524287 32.84704445190144 0.03260155669907248 -0.6010327270922335 32.73101618776146 0.3232627880128105 50.98772048950195
1731043263.1510189 -0.4425327785822522 32.85783499279214 0.01732757210240216 -0.4069715643639591 32.852860602779984 0.011382827746487705 -0.3569527063665029 32.71417122858461 0.27496244588328206 53.148508071899414
1731043263.2042506 -0.4425327785822522 32.85783499279214 0.01732757210240216 -0.445186785017207 32.83787042125241 0.023548979019172408 -0.4072584007789891 32.60823133226492 0.31547056199903123 51.45859718322754
1731043263.2557893 -0.4425327785822522 32.85783499279214 0.01732757210240216 -0.4492500101295188 32.8635129729558 0.012795769656250365 -0.44192234738440395 32.659740238047185 0.2840724748258621 48.79951477050781
1731043263.3046706 -0.4425327785822522 32.85783499279214 0.01732757210240216 -0.4132250021765023 32.83758081445722 0.005961402822555861 -0.2723841358051934 32.5415390449117 0.22545889238397895 52.25110054016113
1731043263.3570094 -0.4425327785822522 32.85783499279214 0.01732757210240216 -0.4570897399498756 32.85787106748337 0.02555364898313522 -0.3825639198088507 32.56199363819787 0.2825254887790089 50.98724365234375
1731043263.4080684 -0.4425327785822522 32.85783499279214 0.01732757210240216 -0.438366919502895 32.85795493188 0.017550050622826826 -0.3448632968892425 32.56262389177251 0.2755354036784129 51.239728927612305
1731043263.459395 -0.4425327785822522 32.85783499279214 0.01732757210240216 -0.4360900152955481 32.8585578821692 0.01366516496394322 -0.313236026598021 32.566520004779406 0.25496621883321635 48.882484436035156
1731043263.508361 -0.4425327785822522 32.85783499279214 0.01732757210240216 -0.4240674639465141 32.87384750296104 0.010913550723185565 -0.2170937085750689 32.65475550522955 0.2229951738649164 56.98513984680176
1731043263.5654328 -0.4425327785822522 32.85783499279214 0.01732757210240216 -0.46667318089962034 32.91738850013894 0.03087972893956114 -0.36967236941840714 32.96959581365394 0.3046989554505718 46.9660758972168
1731043263.612484 -0.4425327785822522 32.85783499279214 0.01732757210240216 -0.552722836325076 32.84355532959742 0.0021416326392763945 -0.957698954561171 32.83071084411422 0.2067804682627141 53.4060001373291
1731043263.6659756 -4.22485295027754 32.69934649136588 -1.983093072211143 -4.0312655807220175 32.714423613718026 -1.6085689669776846 -3.554343682094062 32.770263796727924 0.3022352369315093 73.5781192779541
1731043263.7396352 -4.2921644824078085 32.56733053754744 -2.019977930681425 -4.256351292882022 32.57042717547004 -1.94749192974223 -3.6162804197477043 32.64037426457177 0.29352627844552076 43.64180564880371
1731043263.7833622 -6.061956267660877 32.47639097245998 -2.916891299757504 -6.006030125190333 32.49002756534215 -2.732818412904577 -5.111184603023535 32.62209691090709 0.34675405761317424 39.2451286315918
1731043263.822702 -10.198637815583938 32.22965079659784 -5.143010836047041 -10.074499317529837 32.28023138148426 -4.710846944811999 -8.614133970894363 32.642723391531796 0.3374721413320549 81.24804496765137
1731043263.9040365 -10.605910891917917 32.08775264675103 -5.343073989176067 -10.574508295674034 32.10278303592892 -5.229262807950222 -8.971086677260864 32.53374681889792 0.33752943711156796 27.62889862060547
1731043263.9317513 -10.605910891917917 32.08775264675103 -5.343073989176067 -10.574093733921575 32.03867533719472 -5.334468829395248 -8.825727284636175 32.24606470996273 0.27152469911249716 44.777631759643555
1731043263.9766157 -10.854910271426798 31.74032307097957 -5.493851113211859 -10.87461708768362 31.78663188559434 -5.466080180512669 -9.216026134679291 32.20498363605185 0.2664253747358328 62.39151954650879
1731043264.039093 -13.399024016625965 31.438784665861455 -6.844880082267603 -13.338328405100176 31.490929226496334 -6.60184240686758 -11.403235221811697 32.146828419846074 0.23783478075880474 60.98318099975586
1731043264.100165 -13.03024245202427 31.51193976361222 -6.629931418621365 -13.027902524867498 31.51445925676221 -6.619615643946384 -11.082149673420384 32.18183614112857 0.26705562831047674 56.02884292602539
1731043264.1562765 -22.874354948283635 30.054115092874984 -11.685759869962704 -22.646143417836054 30.30740635536482 -10.777865759761273 -19.660760261016634 32.12866565774043 0.24476757007988767 41.704416275024414
1731043264.1980636 -28.825615638063653 28.834594631984825 -14.363150542958381 -28.67151379584357 29.102732834845057 -13.67159596538355 -24.984111135577113 32.14551061691727 0.5014526622984965 33.902883529663086
1731043264.2320528 -29.106465218222297 28.64087043482482 -14.512619452803373 -29.07997736828309 28.69937764896256 -14.374291787303244 -25.271907836071325 32.00868829544003 0.42891620543493425 51.195383071899414
1731043264.2833312 -29.106465218222297 28.64087043482482 -14.512619452803373 -28.79560043276255 28.65911603712326 -14.487091365354296 -23.57136910012304 32.05154553851582 0.4324112479852323 52.094221115112305
1731043264.3355155 -27.168621617888686 29.04256602542905 -13.562903338422451 -27.453660368409217 28.958889913050154 -13.730082242495174 -23.527938899252124 31.97012823582773 0.4278275856241857 55.36341667175293
1731043264.3909686 -27.168621617888686 29.04256602542905 -13.562903338422451 -27.26643099355079 29.02873160079802 -13.598595630645152 -23.78628556907661 31.976946433589784 0.396715977348582 42.351484298706055
1731043264.4334056 -27.168621617888686 29.04256602542905 -13.562903338422451 -27.284450606242736 29.03678590533583 -13.58382836690171 -24.33197057315921 31.95866907992511 0.3161581113531883 51.787376403808594
1731043264.4852881 -27.168621617888686 29.04256602542905 -13.562903338422451 -27.10960510281354 29.028860944708704 -13.56785586618464 -23.8882720566099 31.888309862683048 0.30956909670918376 49.253225326538086
1731043264.5346227 -27.168621617888686 29.04256602542905 -13.562903338422451 -27.242979745348965 29.026361874803335 -13.553203095618858 -24.360389279797698 31.811991884371622 0.3684118622691193 55.41038513183594
1731043264.59012 -27.168621617888686 29.04256602542905 -13.562903338422451 -27.112371082242518 29.033956369664008 -13.586270034878389 -23.973528176525367 31.7803646140804 0.2288966391547639 50.0178337097168
1731043264.6402216 -27.168621617888686 29.04256602542905 -13.562903338422451 -27.181000011833937 29.064891438714447 -13.557311765487784 -24.098547567422912 31.913004343653185 0.28332762969219205 48.45571517944336
1731043264.688763 -27.168621617888686 29.04256602542905 -13.562903338422451 -27.585607001200493 29.081948700851488 -13.584916007671389 -26.402754636321028 32.10947157160354 0.15544344981899236 57.952165603637695
1731043264.7468023 -30.336063767335546 28.486206942603694 -15.285920126487344 -29.83228748784792 28.602330472237547 -14.952110214303675 -26.354454294191502 32.15886053354382 0.3089388431345399 78.82332801818848
1731043264.8256986 -35.0947808290116 27.146600916035947 -17.44125211291665 -34.94238377171564 27.393471772893076 -16.988503733583883 -30.77029731704427 32.074635737659584 0.33506571859250545 29.095172882080078
1731043264.8548694 -37.82393431274382 26.3470594427638 -18.629994665078367 -37.76692741794131 26.537641322094537 -18.32619319923698 -33.3351428869474 32.08701162603441 0.38136070843907593 53.497314453125
1731043264.9084535 -40.683427913478475 25.310489172184372 -19.80753153585515 -40.65747427003539 25.50660415593793 -19.542664512597607 -36.107456474467405 31.949387163643987 0.3715058343628258 37.891387939453125
1731043264.9464293 -41.52450598242788 25.04304256040939 -20.168073569050886 -41.513640384554876 25.12964981238042 -20.05410765144713 -36.91412375423209 31.96697696795451 0.3792407645970919 52.08563804626465
1731043264.9986024 -42.79587270272697 24.54064889372897 -20.616160274789692 -42.79139494411062 24.633055581873926 -20.50797779917563 -38.171479635646676 31.89134653899724 0.4182018946659879 50.782203674316406
1731043265.0494695 -42.360670024717564 24.41364317898698 -20.403045686936164 -42.37970381115664 24.393825966470278 -20.45255347762665 -37.84649797424847 31.5618385110175 0.24809072529164644 54.35538291931152
1731043265.1040442 -42.26258432561677 24.27775824095776 -20.403942728269325 -42.277199431338104 24.26250252425521 -20.442301976090413 -37.810573520493776 31.361016803824146 0.08359454230958711 55.60731887817383
1731043265.1597376 -42.26258432561677 24.27775824095776 -20.403942728269325 -42.293916792435894 24.283056539394938 -20.408846624256523 -37.97002767487868 31.40570751184435 0.09470992353512507 39.40773010253906
1731043265.1994343 -42.26258432561677 24.27775824095776 -20.403942728269325 -42.382051402971676 24.272389918364983 -20.429154363443864 -38.60240119336457 31.370585199002832 -0.04045082033623612 50.750732421875
1731043265.2502682 -42.26258432561677 24.27775824095776 -20.403942728269325 -42.321876112045125 24.254896933707933 -20.407573257453254 -38.812332929500506 31.24894625909656 -0.03540879173908487 62.95967102050781
1731043265.3133194 -43.10833306014694 23.967844359722875 -20.699822721307452 -42.936140485760916 24.035623104408085 -20.619351442489716 -38.64216446434665 31.338442266695992 0.11940440450526356 63.44461441040039
1731043265.3768487 -43.10833306014694 23.967844359722875 -20.699822721307452 -43.06172415092455 24.05910583400073 -20.649014658740146 -38.555418654163844 31.777671712443286 0.32120013995033947 30.96294403076172
1731043265.4078994 -43.54918599980998 24.769590926114642 -20.823340586693195 -43.492073190738296 24.768515212414854 -20.68909766078622 -38.725587119317694 32.48218061733614 0.8926682448138226 66.82300567626953
1731043265.4748037 -43.42739918992856 25.812316859686117 -20.82643664468685 -43.350181631543066 25.837132831379297 -20.679287151836775 -38.23192668303298 33.66384877401395 1.5728264434136228 40.53997993469238
1731043265.5154257 -46.10997546375545 26.425444306167314 -21.998945321205507 -45.966306982531314 26.67415869560548 -21.535619080560753 -40.19356228622238 35.633906856791775 2.8272029442935342 52.08158493041992
1731043265.567592 -46.10824717490016 26.776640093647174 -22.083084741124306 -46.05577006981821 26.832985060744868 -21.951631372386142 -40.043963005913724 36.04941584982065 3.0100337767197796 47.86825180053711
1731043265.6155481 -46.997193472509146 27.406856885540776 -22.30718564716039 -46.90696357210428 27.518436318985426 -22.071769510469377 -40.484109184133224 37.24317341597572 3.962346928006721 60.103654861450195
1731043265.6757357 -48.202609395406796 26.487882865923343 -23.277241764400845 -48.216178674646684 26.590763119332244 -23.190925513450715 -41.85513989210177 36.78417692629642 3.236409401575968 41.75400733947754
1731043265.717575 -40.05034379783759 26.069929318540428 -19.87160567337222 -40.34198887589919 25.40765700834547 -20.979021411830733 -35.30955544896822 32.584052513310404 0.40341958355161267 60.799598693847656
1731043265.778458 -43.62667306057188 24.595701266469515 -21.323004375662705 -43.673654470820566 24.692205361143515 -21.27675325420742 -38.8552474683558 32.30823063073442 0.3163872944712406 36.84711456298828
1731043265.8153932 -42.95723595757904 24.26622876005097 -20.918596733486705 -43.00550049775865 24.221177372840906 -21.03610590214288 -38.40696528944545 31.63196854514151 0.021715100435458202 57.415008544921875
1731043265.8728895 -42.57308469252026 23.406819927945513 -20.625440345680712 -42.645835109989186 23.340270843731556 -20.806906615821138 -38.37871847014549 30.447893965724155 -0.5757652883269643 49.396514892578125
1731043265.922373 -42.48943795019128 22.388098971855353 -20.63633964902142 -42.566164800826094 22.332815199967825 -20.816016459357336 -38.64858159165211 29.18859002780612 -1.4034028233934384 48.62833023071289
1731043265.9710853 -41.68760647697659 21.86219173071577 -20.398256194618302 -41.74965851527929 21.777643055174774 -20.590054537242814 -38.11475681392873 28.24825169443741 -2.0511889065683473 50.75979232788086
1731043266.0219312 -41.83604533387931 21.4150536077204 -20.47516857705412 -41.869256706728116 21.392863430413417 -20.553983785528832 -38.38565125946658 27.762383484166474 -2.3741652156835924 53.450584411621094
1731043266.075466 -41.630197337450795 20.533143557449783 -20.495084350173915 -41.68855349902487 20.481422063529898 -20.65086573241482 -38.47079278782302 26.61532197831457 -3.180717903889252 53.87568473815918
1731043266.1294239 -41.05331382476259 19.630685725964586 -20.28231354330497 -41.12127832444514 19.54959426599245 -20.491315990585548 -38.21313366735269 25.314077529792954 -3.9732904218937204 45.0596809387207
1731043266.1745713 -40.21119827104533 18.63929656754803 -20.124469036689668 -40.28548344150575 18.53606816889897 -20.376088247811754 -37.71574900539962 23.83028872774266 -5.004327974231637 49.82781410217285
1731043266.2244897 -40.44353269256134 17.31042775718321 -20.306105031425204 -40.51417344029244 17.250223810826938 -20.511353339409574 -38.26624685496132 22.27018194738094 -6.074613135536015 53.70020866394043
1731043266.2782738 -39.8937421538486 16.320745192829303 -20.118310490534636 -39.955658400901385 16.239481626060503 -20.337362599023788 -37.9897947188107 20.889239069556634 -6.898526444934138 51.36847496032715
1731043266.3297265 -39.55735817976373 15.340737614102723 -20.084596057651446 -39.611241253549075 15.268040017753737 -20.284710133861292 -37.8908449075916 19.586619522326707 -7.7575047713942675 48.64335060119629
1731043266.37845 -38.926230708365054 14.366544880947588 -19.97926062990214 -38.97799997169169 14.283472331782088 -20.19441647590597 -37.49344138088886 18.22361022348999 -8.647365523011949 53.160667419433594
1731043266.4316952 -38.577379857872025 13.32680480588686 -19.97325228705135 -38.62492533993553 13.253085745299902 -20.17646482055413 -37.3569628340887 16.857392361000542 -9.555159853617226 51.43547058105469
1731043266.4832144 -38.676191785649095 12.579778686669732 -19.97544994345553 -38.70773206437539 12.538055700008893 -20.10715385310631 -37.58345305050391 15.95229093203238 -10.085833363467394 55.62114715576172
1731043266.538916 -38.38933135569992 12.260669975650078 -19.939770182077314 -38.406638424089884 12.228536952869257 -20.02450785031645 -37.36120272177267 15.496388414446784 -10.389214515989165 45.888662338256836
1731043266.5848904 -37.72197633432493 12.443260611041298 -19.779663004993445 -37.72405556329308 12.42093621198479 -19.810781647319274 -36.688091904052975 15.587087633415994 -10.317251016920734 54.43072319030762
1731043266.6394541 -37.75911217294765 12.501705791028774 -19.800846009939242 -37.75750482079227 12.501451104633468 -19.79646710696086 -36.714218779510944 15.666442288041612 -10.282988140771911 56.46705627441406
1731043266.6960006 -37.75911217294765 12.501705791028774 -19.800846009939242 -37.753985939853195 12.509580516037508 -19.79417926042509 -36.68734705891931 15.710445446707661 -10.250329546449453 39.07179832458496
1731043266.7351565 -37.75911217294765 12.501705791028774 -19.800846009939242 -37.70692233339794 12.505845936972808 -19.798016503057344 -36.40252973895978 15.725571532499114 -10.241276813286387 52.111148834228516
1731043266.7873514 -37.1625137989307 12.794355925229459 -19.630779787267144 -37.20455800644029 12.774787075443433 -19.6357696559488 -36.091700135101306 15.905365688611164 -10.10176159017203 74.32198524475098
1731043266.8617566 -37.1354993551098 13.185498770260287 -19.62548934623233 -37.131439041089834 13.196428006483309 -19.577547477753253 -36.00008418365989 16.376795362444806 -9.82513756668287 44.770002365112305
1731043266.9066167 -36.911473608156896 13.596109115782802 -19.519483224748328 -36.899707449329306 13.605672054297434 -19.47244878878815 -35.714751201684734 16.829603907936697 -9.50577089167695 43.73025894165039
1731043266.9504275 -37.13823589648172 13.666791715980736 -19.557475600220393 -37.1321293571497 13.679799400324903 -19.525339565972825 -35.91935443032595 16.96298848264315 -9.412264179511599 53.778648376464844
1731043267.0042934 -37.13823589648172 13.666791715980736 -19.557475600220393 -37.105423505441465 13.710994541590535 -19.524928255445268 -35.74316990832322 17.195552051686754 -9.26358163167515 35.54868698120117
1731043267.039925 -37.13823589648172 13.666791715980736 -19.557475600220393 -37.110352150988845 13.746693389009488 -19.505516893964643 -35.621072602180845 17.595247409570018 -9.007469497251671 55.10544776916504
1731043267.0953436 -35.75604175223459 14.439014637431203 -19.210813199425136 -35.7914179770186 14.315892232560588 -19.26828424453625 -34.46329678555999 17.603555297599414 -9.032049386662784 66.86615943908691
1731043267.1622949 -32.5519280745069 14.659058142851993 -18.44902677912885 -32.578080027130596 14.532005467822335 -18.63977779249314 -31.369095508735494 17.240873013281604 -9.27251977327919 45.45474052429199
1731043267.2078304 -31.122241386450508 14.73180769443177 -18.086415408932037 -31.13636204466392 14.665842077573433 -18.201346113077197 -29.991704969240992 17.074199590678045 -9.35766130163563 52.359580993652344
1731043267.2603004 -29.305129295350664 14.753709912110157 -17.62230820357036 -29.32128025093303 14.689266773820794 -17.749904829829386 -28.250199750940858 16.80404999027386 -9.487493538012277 48.10166358947754
1731043267.308486 -28.691844914278036 14.922003920684583 -17.467280169177823 -28.695235072867174 14.897086827803237 -17.510562063225212 -27.639598628669937 16.898358843352398 -9.445323844290646 51.5899658203125
1731043267.3601608 -27.998213291182996 15.055069676877922 -17.30749071572004 -28.00091871244819 15.034573959084993 -17.343930112627536 -26.95760696512572 16.94247659357747 -9.444693590716003 62.806129455566406
1731043267.4230494 -27.652254208590502 15.446258025061812 -17.248226243910935 -27.6458222900293 15.441016398751579 -17.24015456179372 -26.57320958037245 17.32504051338632 -9.304147043570412 49.68690872192383
1731043267.4728167 -24.587696554507296 15.956875379272386 -16.465583911129638 -24.59965334399165 15.887483384489247 -16.60350089516357 -23.581510453096858 17.455388411778582 -9.295781859761503 53.520917892456055
1731043267.5264366 -24.119348355201048 16.060623350386802 -16.3575365929808 -24.12308075263796 16.038709133085426 -16.401944239497762 -23.121941005622425 17.506782726001816 -9.296526704895173 38.76209259033203
1731043267.5653236 -23.933120008409517 16.089299374545174 -16.272023905158257 -23.934712789743283 16.08147197288115 -16.28879877829915 -22.94082904658157 17.51388740266144 -9.259800110227287 53.62224578857422
1731043267.6190276 -23.933120008409517 16.089299374545174 -16.272023905158257 -23.939666845919195 16.075607373033638 -16.284706888496295 -22.97560758474601 17.445648129261357 -9.313486255631044 42.060136795043945
1731043267.6611714 -23.933120008409517 16.089299374545174 -16.272023905158257 -23.82906213501399 16.08043029203913 -16.277617392299373 -22.390961450594517 17.410067450183732 -9.331878200854744 49.27325248718262
1731043267.7105508 -23.933120008409517 16.089299374545174 -16.272023905158257 -23.816991349688447 16.101502055232018 -16.26627556043907 -21.84986010887297 17.48672920317224 -9.294349465273676 53.043365478515625
1731043267.7636766 -22.444341863435813 16.32336500997392 -15.899343238938261 -22.627280729458757 16.300508404077636 -15.962276458234076 -21.49353765608111 17.5816110140459 -9.277046139860724 65.01173973083496
1731043267.828769 -22.444341863435813 16.32336500997392 -15.899343238938261 -22.42267256510634 16.312712226554556 -15.912857625357727 -21.190213799338853 17.54528548983461 -9.289192845117498 36.49616241455078
1731043267.865344 -21.6085245559237 16.309847593072625 -15.666959460524023 -21.666480463293446 16.296832255809562 -15.716697460799953 -20.698043053321474 17.470113427113443 -9.319616904038945 69.98658180236816
1731043267.935415 -20.15762119229607 16.375887662199755 -15.277289682092434 -20.178769133330373 16.34576498572818 -15.365169963005915 -19.306672343625785 17.381820630883784 -9.36843290818409 55.840492248535156
1731043267.9913375 -18.61990067133006 16.475800721826285 -14.87472107914565 -18.634528840074804 16.443535215900315 -14.97163406038194 -17.829071485762906 17.332603556282045 -9.41638947563654 52.60157585144043
1731043268.0440238 -18.577717891908947 16.547018155719474 -14.847251890181147 -18.57947669228236 16.54106619889591 -14.86297832757551 -17.782031650782663 17.403020069303626 -9.37937640207109 31.53705596923828
1731043268.0756397 -18.577717891908947 16.547018155719474 -14.847251890181147 -18.54587779268224 16.549071715305878 -14.849381348570892 -17.60338341026087 17.42038069049609 -9.3754802890642 47.20950126647949
1731043268.1229208 -18.577717891908947 16.547018155719474 -14.847251890181147 -18.559383894386446 16.508207796498393 -14.856597398522737 -17.533367967695884 17.20271402412589 -9.425270321461069 51.14603042602539
1731043268.1741521 -18.577717891908947 16.547018155719474 -14.847251890181147 -18.5602267536851 16.525696887025507 -14.84974882766731 -17.454528975085886 17.123072890602707 -9.429796688042602 52.80590057373047
1731043268.2270405 -18.577717891908947 16.547018155719474 -14.847251890181147 -18.176272146165513 16.543861001215177 -14.851806008572975 -15.241765970290647 17.12685441205057 -9.452600408288808 46.33474349975586
1731043268.2734582 -14.977227460647821 16.644003455513868 -13.913576069741417 -15.39001348794299 16.63830213591337 -14.096720670083085 -14.335976991968327 17.195322868568702 -9.531840471355402 74.13339614868164
1731043268.3476784 -9.26126083459384 17.37326543421092 -12.313675982146927 -9.374313676009063 17.31177243526168 -12.633603015184512 -8.83529567981486 17.58865839492601 -9.526168189183606 33.12563896179199
1731043268.3808925 -10.509526564839042 17.10010003028737 -12.593957697294613 -10.522034435657218 17.09963985765485 -12.591285962977745 -10.039996739856928 17.374429475326597 -9.471679902866665 54.15010452270508
1731043268.435126 -10.579574422172477 16.898100518768462 -12.520790056185923 -10.583232918184223 16.898167813031336 -12.52295981428985 -10.117861704215207 17.173263993456164 -9.413238207763321 57.50465393066406
1731043268.4927127 -10.579574422172477 16.898100518768462 -12.520790056185923 -10.379207271286171 16.666549447002478 -12.590867177435213 -9.001052369946207 15.886801856048926 -9.800385789933218 41.60165786743164
1731043268.5343993 -8.568153782016932 15.24882733892191 -12.097574321412399 -8.761535766149137 15.418695881272303 -12.191389583528622 -8.264343236966994 15.412793872137199 -9.828288834556089 74.8591423034668
1731043268.6093419 -8.476964472581608 14.689807815142174 -11.93960731290323 -8.516234259901745 14.71879314230985 -11.975367747846247 -8.197937428511333 14.84493540138304 -9.775175646947462 37.90569305419922
1731043268.6473308 -5.964250689181035 13.993200324766374 -11.208716644896974 -5.989575013365311 13.98366040931961 -11.344269605473816 -5.786644547703262 14.066343053579763 -9.761596547202862 74.23734664916992
1731043268.721644 -2.68905060340978 11.351742098221623 -10.55946217302134 -2.7161024183478832 11.339053101646734 -10.74900378876492 -2.63640799851497 11.363930317065721 -10.029798091103599 26.350975036621094
1731043268.7480793 -2.2016164932629043 9.725099802741786 -10.593186259299959 -2.21026387039532 9.721890312448812 -10.655669324006604 -2.1699630574989666 9.732146516533138 -10.221108698897782 55.53174018859863
1731043268.8036923 0.9176231365910396 9.838281587005929 -9.975781410390043 0.9079397578122679 9.836658169931 -10.082227278558438 0.904127400716439 9.839518807340653 -10.13258671955007 40.41767120361328
1731043268.8441918 0.27240010800750036 10.411502071484307 -10.208722306989406 0.2722790245439706 10.411007873723577 -10.208518571675265 0.2679150650031729 10.41161716577878 -10.257949885124694 61.65504455566406
1731043268.905928 0.3269389404752377 11.1215072131091 -10.199068466929154 0.3266192764159131 11.12142931921072 -10.201522352326258 0.3207990694937479 11.12168376128441 -10.262132477029148 52.126169204711914
1731043268.9581354 0.4607686408835721 12.377620399161875 -10.232060564726385 0.459888425424066 12.377644425099673 -10.238929261628876 0.45005834807526157 12.378008318667765 -10.330830116665334 55.954933166503906
1731043269.0141737 0.4802148103376402 12.715693318291281 -10.234514195860449 0.4501438526132562 12.91218048979067 -10.238547265156846 0.3033238567422578 13.807652609078197 -10.348820991432442 56.32615089416504
1731043269.0705855 0.14423088501683137 14.691624655728342 -10.333555609761707 0.16980966513116544 14.530447690638884 -10.320290633129028 0.13951522311435546 14.691669191185541 -10.370135021411308 37.51230239868164
1731043269.1083133 179.88617212904336 -16.886760944057173 -1.061749008845598 147.52578950203278 -11.235603047611203 -2.7254400468904056 0.07597420363434716 14.669782203411545 -10.354321386265697 50.347089767456055
1731043269.1587458 179.88617212904336 -16.886760944057173 -1.061749008845598 174.06139607534428 -15.91330128810191 -1.360903998484293 0.0764898656499649 14.426733506717051 -10.352602512880305 45.84383964538574
1731043269.2046754 179.88617212904336 -16.886760944057173 -1.061749008845598 178.81675593506284 -16.741260964565434 -1.0961461357514621 -0.03993515832061838 14.261607070160347 -10.244542672718632 54.60381507873535
1731043269.259365 179.88617212904336 -16.886760944057173 -1.061749008845598 179.71079719304538 -16.898296780811254 -1.0796047664819273 0.055175835671098274 14.052019108701492 -10.30934419934793 48.95281791687012
1731043269.308402 179.88617212904336 -16.886760944057173 -1.061749008845598 179.85022151343097 -16.881205596841767 -1.058476017063666 0.030825129378038288 14.094417985541172 -10.2733051540342 51.413536071777344
1731043269.3599017 179.88617212904336 -16.886760944057173 -1.061749008845598 179.88490920459088 -16.881450047107837 -1.0635422288370047 0.05975949803214487 14.11836762137764 -10.286540479101722 50.364017486572266
1731043269.410351 179.88617212904336 -16.886760944057173 -1.061749008845598 179.87717854837643 -16.890817217398098 -1.0655576636696273 0.011058085446024888 14.090521872534284 -10.305906452577144 50.71282386779785
1731043269.461151 179.88617212904336 -16.886760944057173 -1.061749008845598 179.89777485860378 -16.88686196559949 -1.0578554880152378 0.08451127478179643 14.094016915084582 -10.280467126473335 49.610137939453125
1731043269.510849 179.88617212904336 -16.886760944057173 -1.061749008845598 179.891818688272 -16.87889981233615 -1.0710726446797423 0.10427831871380983 14.137790890632576 -10.336158624160051 51.37157440185547
1731043269.5623045 179.88617212904336 -16.886760944057173 -1.061749008845598 179.87100703565446 -16.876094963787207 -1.0479161498659624 0.014381240657783661 14.18918520485581 -10.249985771772375 47.4858283996582
1731043269.6098747 179.88617212904336 -16.886760944057173 -1.061749008845598 179.891651751522 -16.88623335505075 -1.0664886756882246 0.05998868115019719 14.181450274621545 -10.290150113211046 52.06632614135742
1731043269.6620233 179.88617212904336 -16.886760944057173 -1.061749008845598 179.89136626313697 -16.868339350000962 -1.0636128464278818 0.08336535919153477 14.283264874816293 -10.295765099603328 52.42013931274414
1731043269.71456 179.88617212904336 -16.886760944057173 -1.061749008845598 179.90043177966376 -16.86278763678141 -1.0720883427133934 0.15739150632243715 14.398028321180995 -10.351342005731018 52.106618881225586
1731043269.766751 179.88617212904336 -16.886760944057173 -1.061749008845598 179.9300227671254 -16.756820168502742 -1.103470762749053 0.38674651171330565 15.095948211429851 -10.57279019354908 51.476478576660156
1731043269.8183131 179.9330316246426 -16.54213768865481 -1.2342627384732492 179.92464165441183 -16.516064952067413 -1.21258687933943 0.34314442350385005 15.455479227874445 -10.583160729640948 74.2483139038086
1731043269.8926415 179.86217676507633 -16.77352823365911 -1.3095121871456619 179.81700702064816 -16.768076840811094 -1.2897554659105728 0.029736509567289727 15.228301462105073 -10.570326475030019 55.08089065551758
1731043269.9477985 179.86217676507633 -16.77352823365911 -1.3095121871456619 179.85379869331177 -16.90263819624651 -1.31398999152667 0.028361410858975748 14.505572499327052 -10.61495988727071 20.586013793945312
1731043269.9684706 179.80324013624525 -17.04218955971136 -1.398501473543416 179.8242627823183 -17.166271961886526 -1.372965853227735 0.09459533197609891 13.67667445711129 -10.557606811978115 78.4444808959961
1731043270.0469997 179.8862666042136 -17.357953214485242 -1.2723226546066018 179.88550166250732 -17.326874584801175 -1.3225022944895168 0.1523494777252859 13.657652258312947 -10.735739390484287 52.17766761779785
1731043270.0992568 179.8862666042136 -17.357953214485242 -1.2723226546066018 179.8918837028008 -17.335074070378603 -1.2383797174039437 0.18432052269358581 13.753679984776873 -10.496987877253273 25.449514389038086
1731043270.124793 179.8862666042136 -17.357953214485242 -1.2723226546066018 179.8942597456508 -17.338478553720954 -1.26821369453072 0.22310976542394256 13.838993400471852 -10.508103258478812 49.82924461364746
1731043270.1747115 179.8862666042136 -17.357953214485242 -1.2723226546066018 179.87254490641317 -17.360316009285402 -1.2625589565196325 0.13888496953971155 13.806392101928907 -10.457969451404864 55.04560470581055
1731043270.2298467 179.8862666042136 -17.357953214485242 -1.2723226546066018 179.85416675919214 -17.38665742248575 -1.2694410457569005 -0.025725805001373964 13.649287074504036 -10.451724211437938 47.5916862487793
1731043270.277524 179.8862666042136 -17.357953214485242 -1.2723226546066018 179.89559752916736 -17.385685341728767 -1.2769193322085834 0.05821251198529164 13.523923908929412 -10.480142918076426 56.29563331604004
1731043270.3339128 179.8862666042136 -17.357953214485242 -1.2723226546066018 179.88784303830218 -17.372752888926126 -1.2759758844205435 0.05763955419016081 13.46943562261247 -10.495841961663011 50.37713050842285
1731043270.384377 179.8862666042136 -17.357953214485242 -1.2723226546066018 179.86210798280928 -17.345126668935446 -1.2651421733357218 -0.07815144325584429 13.55549388344112 -10.45229716923307 49.55577850341797
1731043270.4340165 179.8862666042136 -17.357953214485242 -1.2723226546066018 179.89542839717004 -17.375456170926313 -1.2815290466158205 -0.0030939720937064453 13.445428690996488 -10.510624272777386 55.177927017211914
1731043270.4892774 179.8862666042136 -17.357953214485242 -1.2723226546066018 179.88420296043336 -17.369364652134834 -1.280755604053478 -0.02372045271841608 13.39953477160651 -10.548267599917482 50.750732421875
1731043270.5401132 179.8862666042136 -17.357953214485242 -1.2723226546066018 179.8903504681481 -17.360027899742796 -1.267951725288685 0.0010313240312354818 13.399420180047484 -10.515551709815512 51.9256591796875
1731043270.592115 179.8862666042136 -17.357953214485242 -1.2723226546066018 179.88853837252836 -17.357295333800366 -1.2695454319490922 0.009568395178684748 13.405149757998792 -10.504493624369488 46.04983329772949
1731043270.638247 179.8862666042136 -17.357953214485242 -1.2723226546066018 179.88424159779655 -17.35005861276645 -1.2549709198578622 -0.00395340878640268 13.448350775751658 -10.41087232064511 51.976919174194336
1731043270.690309 179.8862666042136 -17.357953214485242 -1.2723226546066018 179.90327991298489 -17.351911854515926 -1.2654762625990685 0.09258997969314103 13.474019284973517 -10.390188544240887 51.06997489929199
1731043270.741462 179.8862666042136 -17.357953214485242 -1.2723226546066018 179.87363224803704 -17.35917593552073 -1.2871067662503326 0.005385803274229738 13.461185030362588 -10.479168889824704 52.32119560241699
1731043270.7938685 179.8862666042136 -17.357953214485242 -1.2723226546066018 179.88539502078433 -17.358781785450063 -1.2674448160341418 0.013178029288008935 13.457804579371317 -10.437285675000641 48.89488220214844
1731043270.8428497 179.8862666042136 -17.357953214485242 -1.2723226546066018 179.88040649730362 -17.358215802902347 -1.2704751990741978 -0.01850653678272559 13.457174325796672 -10.431899871726412 52.701473236083984
1731043270.8956354 179.8862666042136 -17.357953214485242 -1.2723226546066018 179.889048310366 -17.35759826402814 -1.276414492704769 0.002807493196141034 13.459408861197682 -10.456479761137524 49.74102973937988
1731043270.945469 179.8862666042136 -17.357953214485242 -1.2723226546066018 179.8784548396293 -17.35361964191365 -1.272357885123032 -0.04337290509140332 13.483129313916098 -10.452583648130634 52.48403549194336
